0.0
0.05533595624294383
0.11052846326765346
0.16543446504023088
0.21991169081775933
0.27381904510252075
0.3270169943749474
0.3793679495453003
0.4307366430758002
0.48099049973954683
0.5299999999999999
0.577639035015027
0.6237852522924732
0.6683203910498375
0.7111306063588583
0.7521067811865475
0.7911448254773943
0.828145961456971
0.8630169943749475
0.895670567945424
0.9260254037844386
0.9540065241883677
0.9795454576426008
1.0025804264972018
1.0230565162951535
1.0409258262890684
1.0561476007338058
1.0686883405951377
1.0785218953682734
1.085629534754574
1.09
1.091629534754574
1.0905218953682734
1.0866883405951377
1.0801476007338058
1.0709258262890684
1.0590565162951537
1.0445804264972018
1.027545457642601
1.008006524188368
0.9860254037844388
0.9616705679454243
0.9350169943749475
0.906145961456971
0.8751448254773945
0.8421067811865476
0.8071306063588585
0.7703203910498374
0.7317852522924733
0.6916390350150273
0.6499999999999999
0.6069904997395469
0.5627366430758001
0.5173679495453002
0.4710169943749475
0.42381904510252055
0.3759116908177593
0.327434465040231
0.2785284632676533
0.22933595624294378
0.18000000000000055
0.13066404375705643
0.08147153673234694
0.03256553495976927
-0.01591169081775906
-0.06381904510252034
-0.11101699437494728
-0.15736794954529998
-0.2027366430758002
-0.24699049973954668
-0.2899999999999997
-0.3316390350150271
-0.37178525229247306
-0.4103203910498373
-0.44713060635885826
-0.4821067811865475
-0.515144825477394
-0.5461459614569706
-0.5750169943749474
-0.6016705679454241
-0.6260254037844384
-0.6480065241883678
-0.6675454576426005
-0.6845804264972019
-0.6990565162951535
-0.7109258262890683
-0.7201476007338055
-0.7266883405951376
-0.7305218953682733
-0.7316295347545739
-0.73
-0.7256295347545738
-0.7185218953682734
-0.7086883405951377
-0.6961476007338057
-0.6809258262890682
-0.6630565162951536
-0.6425804264972022
-0.6195454576426012
-0.5940065241883681
-0.5660254037844386
-0.5356705679454243
-0.5030169943749476
-0.46814596145697135
-0.431144825477394
-0.3921067811865477
-0.3511306063588581
-0.3083203910498378
-0.26378525229247335
-0.21763903501502774
-0.16999999999999965
-0.12099049973954695
-0.07073664307580013
-0.019367949545300744
0.03298300562505241
0.08618095489747934
0.14008830918224105
0.19456553495976892
0.24947153673234657
0.30466404375705564
0.3599999999999989
0.4153359562429439
0.4705284632676529
0.5254344650402306
0.5799116908177585
0.6338190451025203
0.6870169943749471
0.7393679495453003
0.7907366430757997
0.8409904997395465
0.8899999999999992
0.9376390350150273
0.9837852522924729
1.0283203910498375
1.071130606358858
1.1121067811865473
1.1511448254773944
1.1881459614569712
1.2230169943749472
1.255670567945424
1.2860254037844383
1.3140065241883678
1.339545457642601
1.362580426497202
1.3830565162951536
1.400925826289068
1.4161476007338054
1.4286883405951376
1.4385218953682732
1.4456295347545738
1.45
1.451629534754574
1.4505218953682735
1.4466883405951376
1.4401476007338059
1.4309258262890685
1.4190565162951536
1.4045804264972017
1.3875454576426007
1.3680065241883677
1.3460254037844392
1.3216705679454244
1.2950169943749477
1.2661459614569708
1.2351448254773953
1.2021067811865485
1.1671306063588576
1.1303203910498367
1.0917852522924734
1.051639035015027
1.0099999999999998
0.966990499739548
0.922736643075801
0.8773679495453008
0.8310169943749478
0.7838190451025225
0.7359116908177609
0.6874344650402304
0.6385284632676527
0.5893359562429445
0.5400000000000004
0.4906640437570563
0.44147153673234635
0.3925655349597704
0.34408830918224165
0.2961809548974799
0.248983005625053
0.20263205045469984
0.15726335692419968
0.11300950026045281
0.0699999999999994
0.028360964984973536
-0.011785252292472737
-0.05032039104983743
-0.08713060635885705
-0.12210678118654661
-0.1551448254773936
-0.1861459614569705
-0.21501699437494726
-0.24167056794542396
-0.26602540378443873
-0.28800652418836814
-0.30754545764260055
-0.32458042649720154
-0.33905651629515343
-0.3509258262890682
-0.36014760073380525
-0.36668834059513755
-0.3705218953682735
-0.37162953475457394
-0.37
-0.3656295347545738
-0.3585218953682733
-0.34868834059513754
-0.3361476007338059
-0.3209258262890684
-0.30305651629515373
-0.2825804264972024
-0.2595454576426015
-1.39287548
-0.20602540378443823
-0.17567056794542446
-0.14301699437494764
-0.10814596145697097
-0.07114482547739409
-0.032106781186548417
0.008869393641141032
0.05167960895016199
0.09621474770752658
0.1423609649849713
0.19000000000000017
0.23900950026045364
0.2892633569242005
0.3406320504546991
0.3929830056250522
0.446180954897479
0.5000883091822408
0.5545655349597678
0.6094715367323454
0.6646640437570553
0.7199999999999978
0.7753359562429436
12.93409306
0.8854344650402313
0.9399116908177583
0.99381904510252
1.047016994374947
1.0993679495453001
1.1507366430757986
1.2009904997395455
1.2499999999999991
1.297639035015028
1.3437852522924727
1.3883203910498372
1.4311306063588582
1.4721067811865478
1.5111448254773934
1.5481459614569704
1.583016994374947
1.615670567945424
1.6460254037844377
1.6740065241883673
1.6995454576426012
1.7225804264972022
1.7430565162951535
1.7609258262890681
1.7761476007338057
1.7886883405951375
1.7985218953682733
1.8056295347545739
1.81
1.811629534754574
1.8105218953682733
1.8066883405951377
1.8001476007338055
1.7909258262890686
1.779056516295154
1.764580426497202
1.7475454576426008
1.7280065241883684
1.7060254037844391
1.6816705679454245
1.6550169943749478
1.626145961456971
1.5951448254773943
1.5621067811865474
1.527130606358858
1.4903203910498382
1.4517852522924737
1.4116390350150274
1.3700000000000014
1.326990499739548
1.2827366430758014
1.2373679495453012
1.191016994374948
1.143819045102521
1.0959116908177593
1.0474344650402305
0.9985284632676547
0.9493359562429448
0.9000000000000007
0.8506640437570565
0.8014715367323484
0.7525655349597706
0.7040883091822419
0.01156534
0.6089830056250516
0.5626320504546984
0.5172633569242016
0.47300950026045463
0.4300000000000011
0.38836096498497374
0.34821474770752747
0.3096796089501629
0.2728693936411418
0.23789321881345238
0.2048551745226055
0.17385403854302872
0.14498300562505195
0.11832943205457724
0.09397459621556226
0.07199347581163285
0.05245454235739955
6.3893764
0.020943483704846555
0.009074173710931777
-1.4760073380570837E-4
-0.006688340595137787
-0.010521895368273082
-0.011629534754573956
-0.010000000000000009
-0.0056295347545739505
0.0014781046317268176
0.011311659404862007
0.023852399266194868
0.03907417371093158
0.056943483704846254
-14.14516839
0.10045454235739903
0.12599347581163078
0.15397459621556164
0.18432943205457464
0.21698300562505113
0.2518540385430299
0.28885517452260456
0.3278932188134538
0.3688693936411409
0.41167960895016165
0.45621474770752635
0.5023609649849725
0.5499999999999968
0.5990095002604533
0.649263356924197
0.7006320504547003
0.7529830056250537
0.806180954897477
0.8600883091822423
0.9145655349597674
0.9694715367323453
1.024664043757055
1.0799999999999994
1.1353359562429397
1.1905284632676534
1.245434465040231
3.73792758
1.3538190451025214
1.407016994374945
1.4593679495453014
1.5107366430757985
12.52026788
1.609999999999999
1.657639035015026
1.7037852522924726
1.748320391049837
1.7911306063588581
1.8321067811865477
1.8711448254773946
1.9081459614569691
1.9430169943749482
1.9756705679454227
2.00602540378444
2.034006524188367
2.0595454576426
2.082580426497201
2.1030565162951533
2.120925826289068
2.1361476007338056
2.148688340595138
2.158521895368273
2.165629534754574
2.17
2.1716295347545738
2.1705218953682737
2.166688340595138
2.160147600733806
2.1509258262890687
2.139056516295154
2.124580426497202
2.107545457642601
2.088006524188368
2.0660254037844386
2.0416705679454257
2.015016994374947
1.9861459614569723
1.9551448254773955
1.9221067811865489
1.887130606358859
1.8503203910498356
1.8117852522924738
1.7716390350150277
1.7300000000000002
1.6869904997395468
1.642736643075803
1.5973679495452997
1.5510169943749499
1.503819045102523
1.4559116908177578
1.4074344650402326
1.3585284632676513
1.3093359562429452
1.260000000000001
1.2106640437570568
1.1614715367323467
1.1125655349597727
1.0640883091822404
1.0161809548974823
0.9689830056250517
0.9226320504546985
0.8772633569242017
0.8330095002604515
0.7900000000000014
0.7483609649849738
0.7082147477075276
0.6696796089501629
0.6328693936411447
0.5978932188134524
0.564855174522608
0.5338540385430287
0.5049830056250522
0.47832943205457723
0.4539745962155607
0.43199347581163283
0.41245454235739976
0.39541957350279866
0.38094348370484676
0.36907417371093176
0.3598523992661945
0.35331165940486287
0.3494781046317267
0.34837046524542603
0.3500000000000001
0.35437046524542626
0.3614781046317266
0.37131165940486255
0.3838523992661942
0.39907417371093135
0.41694348370484624
0.43741957350279803
0.4604545423573976
0.4859934758116321
0.5139745962155615
0.5443294320545743
0.5769830056250531
0.6118540385430276
0.6488551745226068
0.6878932188134512
0.7288693936411408
0.7716796089501616
0.8162147477075262
0.8623609649849694
0.9099999999999996
0.9590095002604532
1.0092633569242
1.0606320504547002
1.11298300562505
1.1661809548974804
1.2200883091822385
1.2745655349597673
1.3294715367323449
1.384664043757055
1.4399999999999955
1.4953359562429431
1.550528463267653
1.6054344650402308
1.6599116908177596
1.713819045102518
1.767016994374948
1.8193679495452981
1.8707366430757981
1.920990499739545
1.9699999999999986
2.017639035015029
2.0637852522924724
2.108320391049837
2.151130606358858
2.1921067811865473
2.231144825477392
2.2681459614569714
2.303016994374946
2.335670567945425
2.3660254037844375
2.394006524188367
2.4195454576426014
2.4425804264972015
2.463056516295153
2.4809258262890683
2.4961476007338055
2.5086883405951372
2.5185218953682735
2.525629534754574
2.5300000000000002
2.531629534754574
2.5305218953682735
2.5266883405951375
2.520147600733806
2.5109258262890686
2.4990565162951537
2.484580426497202
2.467545457642601
2.4480065241883677
2.4260254037844406
2.4016705679454238
2.375016994374949
2.3461459614569726
2.315144825477393
2.282106781186549
2.2471306063588568
2.2103203910498386
2.171785252292474
2.1316390350150276
2.0900000000000007
2.0469904997395503
2.0027366430758002
1.9573679495453031
1.9110169943749502
1.8638190451025198
1.8159116908177617
1.7674344650402294
1.7185284632676552
1.6693359562429453
1.6200000000000012
1.570664043757057
1.5214715367323506
1.4725655349597693
1.4240883091822407
-15.50302389
1.328983005625052
1.2826320504547022
1.2372633569241986
1.193009500260455
1.1500000000000017
1.1083609649849742
1.068214747707528
1.029679608950166
0.9928693936411424
0.9578932188134527
-13.56542342
0.8938540385430289
0.8649830056250543
0.8383294320545756
0.8139745962155625
0.7919934758116332
0.7724545423573997
0.7554195735027989
0.7409434837048468
0.729074173710932
0.7198523992661945
0.7133116594048624
0.7094781046317267
0.7083704652454264
0.71
0.7143704652454261
0.7214781046317267
0.7313116594048621
0.743852399266194
0.7590741737109314
0.776943483704846
0.797419573502798
0.8204545423573989
0.8459934758116321
0.8739745962155596
0.9043294320545763
0.9369830056250508
0.9718540385430298
1.0088551745226042
1.047893218813451
1.0888693936411404
1.1316796089501615
1.176214747707526
1.2223609649849723
1.2699999999999996
1.319009500260453
1.3692633569241999
1.4206320504546968
1.472983005625053
1.5261809548974767
1.5800883091822384
1.6345655349597672
1.6894715367323447
1.7446640437570582
1.7999999999999987
1.8553359562429428
1.910528463267653
1.9654344650402304
2.019911690817756
2.073819045102521
2.1270169943749444
2.1793679495452976
2.230736643075798
2.280990499739545
2.3300000000000014
2.377639035015026
2.423785252292475
2.4683203910498337
2.5111306063588605
2.552106781186545
2.591144825477392
2.6281459614569687
2.6630169943749458
2.6956705679454225
2.726025403784438
2.754006524188367
2.7795454576426
2.802580426497201
2.8230565162951535
2.8409258262890678
2.856147600733806
2.8686883405951376
2.8785218953682734
2.8856295347545737
2.89
2.891629534754574
2.8905218953682734
2.8866883405951373
2.8801476007338054
2.87092582628907
2.859056516295153
2.8445804264972034
2.8275454576426027
2.80800652418837
-10.25866819
2.761670567945422
2.7350169943749494
2.706145961456973
2.6751448254773957
2.6421067811865493
2.6071306063588597
2.570320391049839
2.531785252292474
2.491639035015028
2.4500000000000006
2.406990499739547
2.3627366430758
2.3173679495453
2.271016994374947
2.22381904510252
2.1759116908177654
2.1274344650402295
2.0785284632676517
2.029335956242949
1.9800000000000049
1.9306640437570537
1.881471536732351
1.8325655349597731
1.7840883091822373
1.7361809548974827
1.6889830056250554
1.6426320504547023
1.5972633569241956
1.5530095002604554
1.510000000000002
1.4683609649849743
1.428214747707528
1.3896796089501635
1.3528693936411424
1.317893218813453
1.284855174522606
1.2538540385430292
1.2249830056250568
1.1983294320545754
1.1739745962155608
1.151993475811635
1.1324545423574017
1.1154195735027974
1.100943483704848
1.089074173710933
1.0798523992661937
1.0733116594048617
1.069478104631727
1.0683704652454264
1.0699999999999998
1.074370465245426
1.0814781046317266
1.0913116594048622
1.1038523992661937
1.1190741737109313
1.136943483704846
1.1574195735027981
1.1804545423573987
1.2059934758116317
1.2339745962155577
1.2643294320545762
1.2969830056250526
1.331854038543025
1.3688551745226016
1.4078932188134536
1.4488693936411428
1.4916796089501583
1.5362147477075287
1.582360964984975
1.6299999999999961
1.6790095002604495
1.7292633569242029
1.7806320504546966
1.8329830056250493
1.8861809548974833
1.9400883091822383
1.994565534959767
2.0494715367323444
2.1046640437570545
2.159999999999999
2.215335956242943
2.2705284632676452
2.3254344650402303
2.3799116908177593
2.433819045102521
2.487016994374948
2.539367949545301
2.590736643075801
2.6409904997395413
2.6900000000000013
2.737639035015029
2.783785252292469
2.8283203910498336
2.87113060635886
2.9121067811865444
2.9511448254773915
2.988145961456973
3.023016994374945
3.0556705679454224
3.0860254037844372
3.11400652418837
3.1395454576426003
3.1625804264972013
3.1830565162951534
3.200925826289068
3.2161476007338052
3.228688340595138
3.2385218953682733
3.2456295347545736
3.25
3.2516295347545743
3.2505218953682737
3.2466883405951377
3.240147600733807
3.2309258262890697
3.2190565162951534
3.2045804264972033
3.187545457642603
3.1680065241883666
3.1460254037844373
3.1216705679454257
3.0950169943749493
3.0661459614569684
3.0351448254773965
3.002106781186549
2.96713060635886
2.930320391049839
2.8917852522924745
2.8516390350150282
2.810000000000001
2.7669904997395474
2.7227366430758004
2.677367949545307
2.6310169943749475
2.5838190451025205
2.5359116908177652
2.487434465040237
2.438528463267652
2.389335956242942
2.340000000000005
2.290664043757054
2.241471536732344
2.1925655349597735
2.1440883091822442
2.096180954897476
2.0489830056250558
2.002632050454703
1.9572633569242022
1.9130095002604555
1.8700000000000019
1.8283609649849746
1.788214747707528
1.7496796089501636
1.7128693936411428
1.677893218813458
1.6448551745226059
1.6138540385430291
1.5849830056250527
1.5583294320545797
1.5339745962155609
1.5119934758116318
1.4924545423574016
1.475419573502798
1.4609434837048458
1.4490741737109332
1.4398523992661953
1.433311659404862
1.4294781046317269
-3.34776408
1.4300000000000002
1.4343704652454259
1.4414781046317262
1.4513116594048618
1.4638523992661956
1.4790741737109312
1.4969434837048459
1.517419573502798
1.540454542357399
1.5659934758116316
1.5939745962155611
1.624329432054572
1.6569830056250527
1.6918540385430292
1.7288551745226015
1.7678932188134533
1.8088693936411429
1.8516796089501582
1.8962147477075226
1.942360964984975
0.7253421
2.039009500260449
2.0892633569242025
2.1406320504547027
2.1929830056250497
2.246180954897476
2.300088309182245
2.3545655349597667
2.4094715367323443
2.464664043757054
2.5199999999999982
2.5753359562429425
2.6305284632676527
2.6854344650402298
2.7399116908177588
2.793819045102521
2.847016994374941
2.8993679495453004
2.9507366430758006
3.0009904997395416
3.0499999999999954
3.0976390350150282
3.1437852522924747
3.188320391049834
3.23113060635886
3.272106781186549
3.3111448254773914
3.348145961456969
3.3830169943749495
3.4156705679454222
3.446025403784437
3.4740065241883666
3.4995454576425997
3.5225804264972007
3.5430565162951533
3.5609258262890684
3.576147600733805
3.5886883405951373
3.5985218953682727
3.605629534754574
3.61
3.6116295347545737
3.610521895368274
3.606688340595138
3.600147600733805
3.5909258262890695
3.579056516295153
3.5645804264972014
3.547545457642603
3.52800652418837
3.506025403784437
3.4816705679454265
3.4550169943749496
3.4261459614569727
3.3951448254773964
3.36210678118655
3.32713060635886
3.2903203910498338
3.251785252292475
3.2116390350150286
7.08491351
3.1269904997395477
3.0827366430758008
3.0373679495453008
2.991016994374954
2.9438190451025203
2.895911690817759
2.847434465040237
2.7985284632676524
2.7493359562429425
2.7000000000000055
2.650664043757061
2.601471536732344
2.552565534959774
2.504088309182245
2.4561809548974827
2.4089830056250494
2.362632050454703
2.3172633569242027
2.273009500260449
2.230000000000002
2.188360964984975
2.1482147477075286
2.1096796089501635
2.0728693936411426
2.037893218813453
2.004855174522611
1.9738540385430292
1.9449830056250526
1.9183294320545798
1.8939745962155614
1.8719934758116317
1.8524545423574015
1.8354195735028005
1.8209434837048462
1.8090741737109313
1.7998523992661954
1.7933116594048633
1.7894781046317265
1.7883704652454262
1.79
1.7943704652454264
1.8014781046317265
1.8113116594048617
1.823852399266194
1.8390741737109313
1.8569434837048462
1.8774195735027976
1.9004545423573957
1.925993475811632
1.9539745962155608
1.984329432054572
2.0169830056250526
2.0518540385430293
2.088855174522606
2.127893218813448
2.1688693936411427
2.211679608950164
2.2562147477075225
2.3023609649849686
2.350000000000002
2.3990095002604495
2.4492633569241957
2.5006320504547026
2.552983005625049
2.606180954897476
2.6600883091822376
2.714565534959766
2.769471536732344
2.8246640437570543
2.879999999999991
2.935335956242942
2.990528463267652
3.04543446504023
3.0999116908177586
3.1538190451025203
3.207016994374947
3.259367949545294
3.3107366430758005
3.3609904997395477
3.409999999999995
3.4576390350150286
3.503785252292474
3.5483203910498333
3.591130606358855
3.6321067811865495
3.6711448254773913
3.7081459614569683
3.7430169943749454
3.7756705679454265
3.806025403784437
3.8340065241883665
3.8595454576426027
3.882580426497201
3.9030565162951527
3.920925826289068
3.9361476007338054
3.9486883405951376
3.958521895368273
3.965629534754574
3.97
3.9716295347545736
3.970521895368274
3.9666883405951374
3.960147600733806
3.95092582628907
3.9390565162951554
3.9245804264972013
3.9075454576426
3.88800652418837
3.866025403784441
3.8416705679454224
3.81501699437495
3.786145961456973
3.755144825477392
3.72210678118655
3.6871306063588607
3.6503203910498394
3.6117852522924747
3.5716390350150284
3.5300000000000016
3.486990499739554
3.442736643075801
3.397367949545301
3.351016994374955
3.3038190451025207
3.255911690817759
3.2074344650402304
3.15852846326766
3.109335956242943
3.0599999999999987
3.0106640437570618
2.961471536732352
2.9125655349597666
2.864088309182245
2.8161809548974834
2.7689830056250493
2.722632050454703
2.677263356924203
2.633009500260456
2.590000000000002
2.5483609649849748
2.5082147477075285
2.4696796089501696
2.432869393641143
2.3978932188134534
2.3648551745226065
2.3338540385430298
2.3049830056250524
2.278329432054576
2.253974596215565
2.231993475811632
2.2124545423573987
2.1954195735028
2.1809434837048483
2.1690741737109316
2.159852399266195
2.153311659404863
2.1494781046317266
2.1483704652454265
2.15
2.154370465245426
2.161478104631727
2.171311659404862
2.183852399266194
2.1990741737109314
2.2169434837048456
2.2374195735027977
2.2604545423573983
2.2859934758116314
2.313974596215561
2.344329432054576
2.376983005625048
2.411854038543029
2.448855174522606
2.487893218813448
2.528869393641137
2.5716796089501637
2.6162147477075224
2.662360964984968
2.7100000000000017
2.759009500260455
2.8092633569241956
2.8606320504546954
2.9129830056250556
2.966180954897476
3.0200883091822375
3.074565534959766
3.1294715367323436
3.1846640437570537
3.239999999999998
3.295335956242942
3.350528463267652
3.4054344650402295
3.4599116908177514
3.5138190451025197
3.567016994374947
3.6193679495452935
3.6707366430758004
3.720990499739547
3.7700000000000005
3.817639035015022
3.8637852522924745
3.9083203910498385
3.9511306063588543
3.992106781186544
4.031144825477396
4.068145961456968
4.103016994374945
4.135670567945426
4.166025403784437
4.194006524188366
4.2195454576425995
4.242580426497201
4.263056516295153
4.280925826289067
4.2961476007338035
4.308688340595138
4.318521895368273
4.325629534754574
4.33
4.331629534754574
4.330521895368273
4.326688340595139
4.320147600733805
4.310925826289068
4.299056516295155
4.284580426497204
4.2675454576426
4.24800652418837
4.2260254037844405
4.201670567945422
4.17501699437495
4.146145961456973
4.115144825477397
4.082106781186544
4.04713060635886
4.01032039104984
3.971785252292475
3.9316390350150288
3.8900000000000015
3.8469904997395483
3.802736643075801
3.757367949545301
3.711016994374948
3.663819045102528
3.615911690817759
3.5674344650402308
3.51852846326766
3.46933595624295
3.4199999999999986
3.3706640437570616
3.3214715367323517
3.2725655349597673
3.224088309182238
3.1761809548974833
3.1289830056250567
3.082632050454697
3.037263356924203
2.993009500260456
2.950000000000003
2.9083609649849755
2.868214747707529
2.829679608950164
2.7928693936411433
2.7578932188134533
2.7248551745226064
2.6938540385430345
2.664983005625053
2.638329432054576
2.6139745962155647
2.5919934758116354
2.572454542357399
2.555419573502798
2.540943483704848
2.5290741737109315
2.519852399266194
2.513311659404863
2.509478104631727
2.5083704652454264
2.5100000000000002
2.5143704652454257
2.5214781046317265
2.531311659404862
2.543852399266194
2.559074173710931
2.576943483704846
2.5974195735027976
2.6204545423573986
2.645993475811628
2.6739745962155608
2.7043294320545757
2.7369830056250524
2.771854038543024
2.8088551745226056
2.8478932188134527
2.888869393641137
2.931679608950163
2.9762147477075276
3.0223609649849683
3.069999999999996
3.119009500260455
3.1692633569241955
3.2206320504546957
3.272983005625049
3.3261809548974752
3.3800883091822373
3.434565534959766
3.4894715367323506
3.5446640437570536
3.5999999999999974
3.6553359562429417
3.7105284632676514
3.7654344650402294
3.8199116908177584
3.873819045102513
3.927016994374947
-13.97151733
4.030736643075794
5.72018646
4.130000000000001
4.177639035015022
4.223785252292468
4.268320391049839
6.75127214
4.352106781186544
4.391144825477391
4.4281459614569725
4.463016994374945
4.495670567945422
4.52602540378444
4.554006524188367
4.5795454576426
4.602580426497201
4.623056516295155
4.6409258262890685
4.656147600733804
4.668688340595137
4.678521895368274
4.6856295347545736
4.6899999999999995
4.691629534754574
4.690521895368274
4.686688340595138
4.680147600733807
4.670925826289068
4.659056516295156
4.6445804264972015
4.627545457642603
4.608006524188367
4.586025403784442
4.561670567945431
4.53501699437495
4.506145961456969
4.475144825477397
4.442106781186554
4.4071306063588604
4.370320391049834
4.331785252292475
4.291639035015023
4.250000000000002
4.206990499739555
4.162736643075801
4.117367949545295
4.071016994374948
4.023819045102528
3.97591169081776
3.9274344650402377
3.878528463267653
3.8293359562429505
3.7799999999999994
3.730664043757062
3.681471536732345
3.6325655349597743
3.584088309182239
3.5361809548974836
3.48898300562505
3.4426320504547037
3.397263356924197
3.3530095002604563
3.310000000000009
3.2683609649849754
3.2282147477075234
3.189679608950164
3.1528693936411485
3.117893218813454
3.0848551745226116
3.05385403854303
3.0249830056250575
2.9983294320545766
-2.57377863
2.951993475811632
2.932454542357396
2.915419573502798
2.9009434837048484
2.8890741737109313
2.8798523992661957
2.8733116594048624
2.8694781046317273
2.8683704652454267
2.87
2.8743704652454265
2.881478104631726
2.891311659404863
2.903852399266194
2.9190741737109294
2.9369434837048454
2.9574195735027997
2.9804545423573985
3.0059934758116285
3.0339745962155606
3.064329432054579
3.0969830056250522
3.1318540385430245
3.1688551745226055
3.2078932188134477
3.248869393641142
3.2916796089501577
3.3362147477075275
3.3823609649849677
3.4300000000000015
3.4790095002604486
3.5292633569241887
3.580632050454695
3.6329830056250554
3.6861809548974755
3.740088309182244
0.88918326
3.849471536732336
3.9046640437570534
3.95999999999999
4.015335956242941
4.070528463267658
4.125434465040229
4.179911690817751
4.2338190451025195
4.28701699437494
4.3393679495452995
4.390736643075806
4.440990499739547
4.489999999999994
4.537639035015015
4.5837852522924685
4.628320391049838
4.671130606358854
4.712106781186549
4.7511448254774
4.788145961456964
4.823016994374945
4.855670567945426
4.886025403784437
4.914006524188369
4.939545457642599
4.9625804264971975
4.983056516295153
5.000925826289066
5.016147600733806
5.028688340595139
5.038521895368274
5.045629534754573
5.05
5.051629534754574
5.050521895368274
5.046688340595139
5.040147600733806
5.030925826289066
5.019056516295159
5.004580426497204
4.9875454576426
4.96800652418837
4.946025403784438
4.921670567945419
4.895016994374955
4.866145961456974
4.8351448254774025
4.80210678118655
4.767130606358855
4.7303203910498395
4.6917852522924814
4.651639035015029
4.610000000000008
4.566990499739549
4.5227366430757945
4.477367949545301
4.431016994374941
4.383819045102535
4.335911690817767
4.287434465040231
4.23852846326766
4.189335956242944
4.139999999999992
4.090664043757069
4.041471536732352
3.9925655349597675
3.944088309182246
3.8961809548974773
3.8489830056250574
3.8026320504547106
3.757263356924203
3.713009500260463
3.670000000000003
3.6283609649849695
3.5882147477075295
3.549679608950159
3.512869393641144
3.4778932188134593
3.4448551745226066
3.4138540385430343
3.3849830056250534
3.3583294320545725
3.333974596215569
3.3119934758116356
3.292454542357399
3.275419573502801
3.260943483704846
3.2490741737109294
3.239852399266197
3.233311659404863
3.229478104631728
3.2283704652454266
3.2300000000000004
3.2343704652454255
3.2414781046317267
3.2513116594048617
3.263852399266192
3.279074173710931
3.296943483704848
3.317419573502798
3.3404545423574015
3.365993475811631
3.393974596215557
3.424329432054575
3.4569830056250477
3.491854038543029
3.5288551745226107
3.5678932188134427
3.608869393641137
3.6516796089501624
3.6962147477075216
3.7423609649849734
3.790000000000007
3.8390095002604547
3.8892633569241952
3.940632050454689
3.9929830056250486
4.046180954897482
4.100088309182237
4.154565534959772
4.209471536732343
4.264664043757046
4.319999999999998
4.375335956242949
4.430528463267652
4.485434465040235
4.5399116908177435
4.593819045102513
4.647016994374947
4.699367949545293
4.7507366430758
4.800990499739553
4.8500000000000005
4.897639035015021
4.943785252292473
4.988320391049832
5.031130606358859
5.072106781186544
5.111144825477396
5.148145961456968
5.18301699437494
5.215670567945422
5.24602540378444
5.2740065241883665
5.299545457642602
5.322580426497206
5.34305651629515
5.360925826289068
5.376147600733804
5.388688340595137
5.398521895368274
5.405629534754574
5.41
5.411629534754574
5.410521895368275
5.406688340595139
5.400147600733804
5.3909258262890685
5.379056516295155
5.364580426497207
5.347545457642603
5.328006524188368
5.306025403784441
5.281670567945423
5.255016994374942
5.226145961456978
5.195144825477397
5.162106781186545
5.127130606358861
5.0903203910498345
5.0517852522924755
5.011639035015036
4.9700000000000015
4.926990499739555
4.882736643075802
4.837367949545295
4.7910169943749485
4.743819045102529
4.69591169081776
4.647434465040238
4.5985284632676535
4.549335956242951
4.499999999999999
4.450664043757048
4.40147153673236
4.352565534959775
4.304088309182239
4.256180954897484
4.208983005625051
4.1626320504546905
4.1172633569242105
4.073009500260457
4.03000000000001
3.988360964984976
3.948214747707524
3.9096796089501646
3.8728693936411487
3.837893218813454
3.804855174522612
3.77385403854303
3.7449830056250493
3.7183294320545768
3.6939745962155586
3.6719934758116386
3.652454542357402
3.635419573502798
3.6209434837048486
3.6090741737109315
3.599852399266193
3.593311659404865
3.589478104631728
3.5883704652454256
3.59
3.5943704652454262
3.6014781046317266
3.6113116594048607
3.6238523992661937
3.639074173710929
3.656943483704846
3.6774195735027995
3.700454542357398
3.7259934758116344
3.7539745962155604
3.7843294320545713
3.816983005625052
3.851854038543024
3.8888551745226048
3.927893218813457
3.968869393641131
4.011679608950157
4.056214747707528
4.1023609649849675
4.150000000000001
4.199009500260461
4.249263356924188
4.300632050454695
4.352983005625041
4.406180954897475
4.460088309182243
4.5145655349597655
4.56947153673235
4.624664043757053
4.679999999999989
4.735335956242941
4.790528463267658
4.845434465040229
4.899911690817764
4.953819045102506
5.00701699437494
5.0593679495453
5.110736643075793
5.160990499739546
5.210000000000006
5.257639035015015
5.303785252292468
5.348320391049838
5.391130606358854
5.432106781186549
5.47114482547739
5.508145961456972
5.543016994374945
5.5756705679454175
5.606025403784437
5.6340065241883694
5.6595454576426
5.682580426497203
5.7030565162951525
5.720925826289066
5.736147600733805
5.748688340595137
5.758521895368274
5.7656295347545745
5.7700000000000005
5.771629534754574
5.770521895368273
5.766688340595139
5.760147600733806
5.750925826289066
5.739056516295154
5.724580426497204
5.707545457642607
5.688006524188371
5.666025403784438
5.641670567945427
5.615016994374947
5.586145961456974
5.555144825477402
5.522106781186551
5.487130606358856
5.45032039104984
5.41178525229247
5.371639035015042
5.330000000000009
5.286990499739549
5.242736643075809
5.197367949545303
5.151016994374943
5.103819045102521
5.0559116908177675
5.007434465040231
4.958528463267661
4.909335956242944
4.860000000000007
4.810664043757056
4.761471536732352
4.712565534959782
4.6640883091822465
4.6161809548974775
4.568983005625057
4.522632050454698
4.477263356924191
4.4330095002604635
4.390000000000003
4.348360964984982
4.308214747707529
4.26967960895016
4.232869393641144
4.1978932188134594
4.164855174522607
4.133854038543035
4.104983005625053
4.078329432054573
4.0539745962155616
4.031993475811635
4.012454542357405
3.995419573502801
3.9809434837048467
3.969074173710934
3.959852399266194
3.9533116594048607
3.949478104631728
3.948370465245427
3.95
3.954370465245426
3.9614781046317273
3.9713116594048623
3.983852399266192
3.9990741737109308
4.016943483704843
4.037419573502797
4.060454542357401
4.085993475811631
4.113974596215558
4.144329432054575
4.176983005625047
4.211854038543028
4.2488551745226095
4.287893218813452
4.328869393641147
4.371679608950152
4.416214747707522
4.462360964984973
4.5099999999999945
4.559009500260454
4.609263356924208
4.660632050454688
4.712983005625048
4.766180954897481
4.820088309182236
4.874565534959771
4.9294715367323425
4.9846640437570455
5.0399999999999965
5.095335956242934
5.150528463267651
5.205434465040236
5.2599116908177574
5.313819045102526
5.3670169943749455
5.419367949545292
5.470736643075799
5.52099049973954
5.57
5.617639035015033
5.663785252292462
5.708320391049832
5.751130606358858
5.792106781186543
5.831144825477395
5.868145961456976
5.903016994374941
5.935670567945422
5.966025403784434
5.994006524188365
6.019545457642602
6.0425804264972
6.063056516295155
6.080925826289068
6.096147600733804
6.108688340595138
6.118521895368273
6.125629534754573
6.13
6.131629534754575
6.1305218953682745
6.126688340595138
6.120147600733808
6.110925826289069
6.099056516295151
6.084580426497206
6.067545457642604
6.048006524188367
6.026025403784442
6.001670567945423
5.9750169943749505
5.9461459614569705
5.915144825477397
5.882106781186556
5.847130606358861
5.810320391049835
5.771785252292476
5.731639035015024
8.60839165
5.646990499739556
5.6027366430758025
5.557367949545308
5.511016994374949
5.4638190451025155
5.415911690817775
5.3674344650402395
5.318528463267654
5.269335956242951
5.22
5.170664043757049
5.121471536732346
5.072565534959775
5.024088309182254
4.976180954897485
4.928983005625051
4.882632050454705
4.837263356924197
4.793009500260457
4.75000000000001
4.708360964984976
4.668214747707524
4.629679608950165
4.5928693936411396
4.557893218813464
4.524855174522612
4.493854038543031
4.464983005625058
4.4383294320545765
4.413974596215558
4.391993475811633
4.372454542357403
4.3554195735027985
4.340943483704849
4.329074173710931
4.319852399266196
4.313311659404862
4.309478104631728
4.308370465245427
4.3100000000000005
4.3143704652454264
4.321478104631726
4.331311659404863
4.343852399266197
4.359074173710929
4.376943483704846
4.397419573502795
4.420454542357398
4.445993475811634
4.47397459621556
4.504329432054571
4.536983005625052
4.571854038543024
4.608855174522605
4.647893218813457
4.688869393641141
4.731679608950157
4.776214747707515
4.822360964984967
4.870000000000001
4.919009500260448
4.969263356924201
5.020632050454708
5.072983005625041
5.126180954897474
5.180088309182243
5.234565534959764
5.28947153673235
5.344664043757052
5.39999999999999
5.455335956242941
5.510528463267643
5.565434465040228
5.619911690817764
5.673819045102519
5.727016994374939
5.779367949545299
5.8307366430757925
5.880990499739546
5.929999999999993
5.977639035015026
6.023785252292479
6.068320391049826
6.111130606358853
6.152106781186548
6.191144825477391
6.228145961456972
6.2630169943749525
6.295670567945417
6.326025403784437
6.354006524188363
6.3795454576426
6.402580426497203
6.423056516295153
6.440925826289066
6.456147600733805
6.468688340595136
6.478521895368273
6.485629534754574
6.49
6.491629534754574
6.490521895368276
6.48668834059514
6.4801476007338055
6.47092582628907
6.459056516295154
6.4445804264971995
6.427545457642607
6.408006524188371
6.386025403784439
6.361670567945427
6.335016994374946
6.306145961456974
6.275144825477402
6.242106781186551
6.207130606358867
6.170320391049841
6.131785252292471
6.09163903501503
6.049999999999996
6.006990499739549
5.962736643075809
5.917367949545302
5.871016994374957
5.823819045102523
5.775911690817754
5.727434465040246
5.678528463267662
5.629335956242945
5.580000000000007
5.5306640437570564
5.4814715367323394
5.432565534959783
5.384088309182247
5.3361809548974914
5.288983005625058
5.242632050454698
5.197263356924204
5.153009500260452
5.110000000000004
5.068360964984983
5.028214747707531
4.989679608950159
4.952869393641144
4.917893218813449
4.884855174522617
4.8538540385430355
4.824983005625054
4.798329432054581
4.773974596215561
4.751993475811629
4.732454542357405
4.7154195735028015
4.7009434837048465
4.689074173710933
4.679852399266195
4.673311659404864
4.669478104631726
4.6683704652454265
4.67
4.674370465245426
4.6814781046317275
4.691311659404862
4.703852399266196
4.719074173710931
4.7369434837048425
4.757419573502797
4.780454542357395
4.805993475811631
4.833974596215564
4.864329432054567
4.896983005625048
4.931854038543029
4.9688551745225995
5.007893218813452
5.048869393641146
5.091679608950162
5.1362147477075215
5.182360964984961
5.229999999999994
5.279009500260454
5.329263356924194
5.3806320504547
5.432983005625047
5.486180954897467
5.540088309182236
5.594565534959772
5.649471536732342
5.7046640437570595
5.759999999999982
5.815335956242933
5.87052846326765
5.925434465040221
5.979911690817757
6.0338190451025255
6.087016994374946
6.139367949545291
6.190736643075798
6.24099049973954
6.289999999999999
6.337639035015033
6.383785252292473
6.428320391049832
6.471130606358848
6.512106781186542
6.551144825477395
6.588145961456967
6.623016994374948
6.655670567945429
6.686025403784432
6.714006524188366
6.739545457642603
6.7625804264972
6.783056516295154
6.800925826289067
6.816147600733803
6.8286883405951375
6.838521895368273
6.845629534754574
6.8500000000000005
6.851629534754574
6.850521895368274
6.846688340595138
6.840147600733808
15.15983798
6.819056516295156
6.8045804264972025
6.787545457642598
6.768006524188374
6.746025403784442
6.721670567945424
6.695016994374951
6.66614596145697
6.635144825477388
6.602106781186556
6.5671306063588615
6.530320391049846
6.491785252292476
6.451639035015024
6.410000000000003
6.366990499739556
6.322736643075803
6.27736794954531
6.231016994374949
6.183819045102515
6.1359116908177604
6.087434465040225
6.038528463267669
5.989335956242952
5.940000000000001
5.890664043757064
5.841471536732346
5.792565534959762
5.744088309182254
5.6961809548974855
5.648983005625052
5.602632050454705
5.5572633569241985
5.513009500260458
5.4700000000000095
5.428360964984977
5.388214747707536
5.349679608950166
5.312869393641139
5.277893218813455
5.244855174522604
5.213854038543031
5.184983005625058
5.158329432054577
