0.004683085833016798
0.05688106237389068
0.119935894693463
0.1588494693628224
0.20092810469429312
0.2624225481608451
-0.4554263839992424
-0.4456626980859699
0.4625685235889705
-0.4319860814682168
-0.4076264383106304
-0.44215742311153716
0.034333551750120095
0.08879459752859631
0.13595849861417852
0.1621745169027552
0.20421787574963135
0.2671413811324551
-0.449104339636613
-0.44193232124167525
0.4642620893888739
-0.4326912599436644
-0.4103056358873961
-0.4475490782947442
0.16839382963455107
0.17562546498935871
0.20599505372862725
0.2043262678840566
0.22880231530244555
0.2726163311773283
-0.44523893461880415
-0.43973537308488775
0.4649589827195685
-0.43306157288125324
-0.4116205490633551
-0.4501647394395395
0.26292303140525597
0.23942902652806897
0.2640417521661633
0.23974612302079235
0.24896279769157037
0.27546285738361276
-0.4444525092556547
-0.4393351923269454
0.46489561635869436
-0.43306068812438847
-0.4116205389656732
-0.4501647394813013
0.2629230313990194
0.23942902651368914
0.2640417521603613
0.23974612303569476
0.2489627977268406
0.27546285742787546
-0.4444525092522228
-0.4393351923298595
0.4648956163669141
-0.4330606881414518
-0.4116205389868789
-0.4501647395065699
0.2629230313893345
0.23942902649937203
0.2640417521555001
0.23974612304370602
0.2489627977514811
0.2754628574607173
-0.4444525092454229
-0.4393351923275972
0.46489561637204113
-0.43306068815214693
-0.4116205390025818
-0.4501647395260808
0.26292303137860507
0.23942902648655207
0.2640417521519376
0.23974612304939424
0.24896279777072805
0.2754628574868524
-0.4444525092377828
-0.4393351923238532
0.4648956163759522
-0.4330606881598995
-0.4116205390150801
-0.45016473954168656
0.2629230313676457
0.239429026474953
0.2640417521488785
0.23974612305398302
0.24896279778638086
0.27546285750812716
-0.4444525092299647
-0.4393351923197354
0.4648956163782282
-0.4330606881661385
-0.41162053902531814
-0.4501647395541709
0.2629230313570835
0.23942902646440456
0.264041752145906
0.23974612305815968
0.24896279780019204
0.2754628575263821
-0.44445250922201873
-0.43933519231583906
0.46489561637854704
-0.43306068817165333
-0.4116205390337101
-0.45016473956380965
0.2629230313472538
0.23942902645457254
0.2640417521424483
0.23974612306215637
0.2489627978133897
0.27546285754314337
-0.4444525092137641
-0.43933519231256635
0.4648956163764568
-0.43306068817705434
-0.4116205390404819
-0.4501647395706011
0.26292303133843253
0.23942902644499187
0.2640417521376366
0.2397461230658734
0.24896279782714037
0.2754628575599223
-0.4444525092049173
-0.43933519231037044
0.464895616371252
-0.43306068818297605
-0.411620539045777
-0.45016473957432923
0.26292303133113104
0.23942902643515396
0.2640417521301094
0.2397461230688238
0.2489627978430501
0.27546285757875844
-0.4444525091950968
-0.43933519230992735
0.46489561636186505
-0.43306068819017296
-0.4116205390496831
-0.45016473957450487
0.26292303132634975
0.23942902642461472
0.2640417521174385
0.23974612306930165
0.24896279786317088
0.27546285760234057
-0.44445250918383084
-0.4393351923123423
0.46489561634656684
-0.4330606881994956
-0.4116205390522599
-0.4501647395704649
0.2629230313260671
0.239429026413705
0.2640417520952616
0.23974612306305398
0.24896279789240028
0.27546285763475586
-0.44445250917074364
-0.43933519231955553
0.46489561632251963
-0.4330606882115805
-0.41162053905347185
-0.4501647395617351
0.262923031333558
0.23942902640577346
0.2640417520554129
0.23974612303718068
0.24896279794532705
0.2754628576813829
-0.4444525091563871
-0.4393351923350147
0.4648956162845813
-0.4330606882253405
-0.4116205390528206
-0.4501647395489351
0.2629230313520441
0.23942902641366337
0.26404175198378577
0.23974612293285524
0.24896279809057198
0.27546285773983614
-0.44445250914601864
-0.4393351923640745
0.464895616224008
-0.43306068823067667
-0.41162053905013574
-0.45016473953433667
0.26292303137594963
0.23942902647587005
0.2640417518916456
0.2397461138791629
0.24896283614899273
0.2756354390308593
-0.4345231426051628
-0.38841822489038813