0.7757695078802324
0.7205715313393585
0.673105009993276
0.6497797462503535
0.6089218532089661
0.5474644000841604
-0.7346862381370282
-0.7444499235996895
0.3473188548169487
-0.7581265400820685
-0.7824861831700133
-0.747955198257266
0.7755538270316812
0.7210927814085332
0.6739288802805327
0.6477128617045943
0.6056695026257288
0.5427459970899607
-0.7410082822421333
-0.748180300505846
0.34562528897239797
-0.757421361622714
-0.7798069856006867
-0.7425635430867294
0.6414935491078955
0.6342619138390271
0.6038923250502751
0.6055611106931784
0.5810850630867274
0.5372710470744768
-0.7448736871910242
-0.7503772486703829
0.34492839561104505
-0.7570510487076243
-0.778492072440899
-0.7399478819658599
0.5469643472867363
0.5704583522142544
0.5458456265329414
0.5701412555383188
0.5609245807100461
0.5344245208956779
-0.7456601125204078
-0.7507774294263764
0.3449917619522903
-0.7570519334872755
-0.7784920825610854
-0.7399478819550898
0.5469643472431385
0.5704583521625746
0.545845626478667
0.5701412554989242
0.5609245806795191
0.5344245208716344
-0.7456601125034034
-0.7507774294210116
0.34499176192945347
-0.7570519334924664
-0.7784920825661655
-0.7399478819642026
0.5469643472060777
0.5704583521224539
0.5458456264365005
0.5701412554671476
0.5609245806545929
0.5344245208520164
-0.7456601124972947
-0.7507774294226413
0.34499176191111347
-0.7570519335040039
-0.7784920825787223
-0.7399478819800827
0.546964347173416
0.5704583520886349
0.5458456264007536
0.5701412554394802
0.5609245806322306
0.5344245208339147
-0.7456601124972938
-0.7507774294284261
0.344991761893352
-0.7570519335190844
-0.778492082595389
-0.7399478819995084
0.5469643471441521
0.5704583520590837
0.545845626369646
0.5701412554148708
0.5609245806117881
0.5344245208168874
-0.7456601125017219
-0.7507774294377457
0.3449917618753018
-0.757051933536834
-0.7784920826146343
-0.7399478820208724
0.5469643471174658
0.5704583520324693
0.5458456263419665
0.5701412553925006
0.5609245805929978
0.5344245208008858
-0.7456601125094363
-0.7507774294503045
0.34499176185626934
-0.7570519335570293
-0.778492082635709
-0.739947882043264
0.5469643470929731
0.5704583520080384
0.5458456263169662
0.5701412553718971
0.5609245805758674
0.5344245207861831
-0.7456601125196283
-0.750777429466067
0.3449917618356355
-0.7570519335797367
-0.778492082658155
-0.7399478820659663
0.5469643470706202
0.5704583519853521
0.5458456262940796
0.5701412553527573
0.560924580560658
0.5344245207733167
-0.7456601125315993
-0.7507774294852235
0.344991761812688
-0.7570519336052152
-0.7784920826815944
-0.7399478820881703
0.5469643470505972
0.570458351964095
0.5458456262726272
0.5701412553347305
0.5609245805478995
0.5344245207631781
-0.7456601125446443
-0.7507774295082903
0.34499176178639757
-0.7570519336339235
-0.7784920827056511
-0.739947882108866
0.5469643470334584
0.5704583519441018
0.5458456262515541
0.5701412553170966
0.5609245805383986
0.5344245207570817
-0.7456601125580401
-0.7507774295363405
0.34499176175525703
-0.7570519336665187
-0.7784920827298775
-0.7399478821268188
0.5469643470202198
0.5704583519254868
0.5458456262288428
0.570141255298135
0.5609245805340516
0.5344245207569973
-0.7456601125712032
-0.7507774295714295
0.34499176171692425
-0.7570519337036347
-0.7784920827536007
-0.7399478821409949
0.5469643470125626
0.5704583519095464
0.5458456262006343
0.5701412552728962
0.5609245805405667
0.534424520765519
-0.7456601125847815
-0.7507774296174935
0.34499176166760237
-0.7570519337449262
-0.7784920827753935
-0.7399478821519455
0.5469643470125667
0.5704583519015959
0.5458456261606959
0.570141255219678
0.5609245805851921
0.5344245207817253
-0.7456601126052363
-0.7507774296811383
0.3449917616021899
-0.7570519337834989
-0.7784920827915733
-0.7399478821639933
0.5469643470190919
0.5704583519177227
0.5458456261196066
0.5701412594892029
0.5609245287502596
0.5342521090552441
-0.7550553940136091
-0.7825147402044504