0.21954740628675087
0.21954740628675087
0.20095909531326095
0.182370784386824
0.17815004209674085
0.17511305175499453
0.17211262213627063
0.1691126216856595
0.16611262159408077
0.16311262155028514
0.16011262148064392
0.15711262136880322
0.1541126212181987
0.1511126210628705
0.14811262110528875
0.14511262139265046
0.14211262162463983
0.13911262177758407
0.1361126218787463
0.1331126217475213
0.1301126216387281
0.12711262156637865
0.12411262148808291
0.12111262138147372
0.11811262125755337
0.11511262117161426
0.11211262122109768
0.10911262142276497
0.10611262161082709
0.10311262174819491
0.1001126218098283
0.09711262175527062
0.09411262166938655
0.09111262158887781
0.08811262150425397
0.08511262140539944
0.08211262130800784
0.07911262125767657
0.07611262130089522
0.07311262144088887
0.07011262159838355
0.0671126217207092
0.06411262177606253
0.06111262175332166
0.05811262168901521
0.055112621611664
0.05211262152675858
0.04911262143639114
0.04611262135784222
0.04311262132373625
0.0401126213609716
0.037112621465380996
0.03411262159364026
0.031112621700490145
0.028112621755626344
0.025112621750871117
0.02211262170363229
0.01911262163391811
0.016112621553044465
0.013112621470772329
0.010112621404587768
0.0071126213781740055
0.004112621407999534
0.0011126214891462594
-0.0018873784060739474
-0.004887378312733781
-0.007887378257282446
-0.010887378249761687
-0.013887378283154617
-0.016887378343849374
-0.019887378418695922
-0.022887378493836513
-0.025887378552021056
-0.028887378575186973
-0.03188737855269122
-0.03488737848887449
-0.037887378402958666
-0.040887378320767026
-0.04388737826492342
-0.04688737824772085
-0.049887378269304256
-0.052887378321016004
-0.05588737838953087
-0.05888737845880501
-0.06188737851179779
-0.06488737853403673
-0.06788737851852442
-0.07088737846885382
-0.07388737839816897
-0.07688737832501455
-0.07988737826831346
-0.08288737824251904
-0.08588737825353002
-0.08888737829702739
-0.0918873783600476
-0.0948873784249569
-0.09788737847454934
-0.10088737849687376
-0.10388737848787258
-0.10688737845066024
-0.10988737839318982
-0.11288737832726778
-0.11588737826854492
-0.11888737823385634
-0.12188737823481641
-0.12488737827131743
-0.12788737833058092
-0.13088737839292638
-0.133887378440227
-0.13688737846261087
-0.13988737845941454
-0.14288737843405339
-0.1458873783892571
-0.14888737832932644
-0.15188737826660778
-0.15488737822136675
-0.1578873782120924
-0.1608873782432089
-0.1638873783013632
-0.16688737836343234
-0.16988737840905274
-0.17288737843034394
-0.17588737843171623
-0.17888737841863064
-0.1818873783877983
-0.184887378333239
-0.18788737826348348
-0.19088737820440618
-0.19388737818394
-0.19688737821180877
-0.19988737827262873
-0.20288737833750067
-0.2058873783817282
-0.20888737839924895
-0.2118873784027366
-0.2148873784035543
-0.2178873783909496
-0.22088737834193659
-0.2238873782602591
-0.22688737818178237
-0.22988737814826257
-0.23288737817590363
-0.23588737824466563
-0.238887378316629
-0.24188737835980814
-0.24488737836871652
-0.24788737836899252
-0.2508873783863983
-0.2538873784015694
-0.2568873783594223
-0.25988737825812924
-0.26288737815131724
-0.26588737810182383
-0.2688873781339858
-0.27188737821786246
-0.27488737830271637
-0.27788737834628685
-0.28088737833919186
-0.2838873783241044
-0.28688737836118905
-0.28988737842645185
-0.29288737839175316
-0.2958873782580532
-0.2988873781090149
-0.3018873780394439
-0.30488737808478494
-0.30788737819292755
-0.3108873782972701
-0.31388737834612057
-0.3168873783153199
-0.3198873782560472
-0.32288737831007686
-0.3258873784858938
-0.32888737844690197
-0.33188737825883163
-0.3348873780474917
-0.3378873779521837
-0.34088737802973323
-0.34388737817178594
-0.3468873782991193
-0.3498873783646108
-0.3528873783152593
-0.3558873781444817
-0.35888737815253324
-0.36188737867576415
-0.3648873785215615
-0.3678873782487454
-0.3708873779547872
-0.37388737782619796
-0.3768873779858246
-0.3798873781582912
-0.38288737830166997
-0.3858873783950416
-0.38888737839359266
-0.3918873780112522
-0.39488737336836577
-0.39788736489925225
-0.4008875480861034
-0.404421463381228
-0.4260670349051614