1.0
0.997
0.994
0.991
0.988
0.985
-1.018
-1.021
0.976
-1.027
-1.03
-1.033
0.964
0.961
0.958
0.955
0.952
0.949
-1.054
-1.057
0.94
-1.063
-1.066
-1.069
0.9279999999999999
0.925
0.922
0.919
0.916
0.913
-1.09
-1.093
0.904
-1.099
-1.102
-1.105
0.892
0.889
0.886
0.883
0.88
0.877
-1.126
-1.129
0.868
-1.135
-1.138
-1.141
0.856
0.853
0.85
0.847
0.844
0.841
-1.162
-1.165
0.832
-1.171
-1.174
-1.177
0.8200000000000001
0.817
0.8140000000000001
0.8109999999999999
0.808
0.8049999999999999
-1.198
-1.201
0.796
-1.207
-1.21
-1.213
0.784
0.781
0.778
0.775
0.772
0.769
-1.234
-1.237
0.76
-1.2429999999999999
-1.246
-1.249
0.748
0.745
0.742
0.739
0.736
0.733
-1.27
-1.2730000000000001
0.724
-1.279
-1.282
-1.2850000000000001
0.712
0.7090000000000001
0.706
0.7030000000000001
0.7
0.6970000000000001
-1.306
-1.309
0.688
-1.315
-1.318
-1.321
0.6759999999999999
0.673
0.6699999999999999
0.667
0.6639999999999999
0.661
-1.342
-1.345
0.6519999999999999
-1.351
-1.354
-1.357
0.64
0.637
0.634
0.631
0.628
0.625
-1.3780000000000001
-1.381
0.616
-1.387
-1.3900000000000001
-1.393
0.604
0.601
0.598
0.595
0.592
0.589
-1.4140000000000001
-1.417
0.5800000000000001
-1.423
-1.426
-1.429
0.5680000000000001
0.565
0.562
0.5589999999999999
0.556
0.5529999999999999
-1.45
-1.453
0.544
-1.459
-1.462
-1.465
0.532
0.5289999999999999
0.526
0.5229999999999999
0.52
0.517
-1.486
-1.4889999999999999
0.508
-1.495
-1.498
-1.501
0.496
0.493
0.49
0.487
0.484
0.481
-1.522
-1.525
0.472
-1.5310000000000001
-1.534
-1.537
0.45999999999999996
0.45699999999999996
0.45399999999999996
0.45099999999999996
0.44799999999999995
0.44499999999999995
-1.558
-1.561
0.43599999999999994
-1.5670000000000002
-1.57
-1.573
0.42399999999999993
0.42100000000000004
0.41800000000000004
0.41500000000000004
0.41200000000000003
0.40900000000000003
-1.5939999999999999
-1.597
0.4
-1.603
-1.6059999999999999
-1.609
0.388
0.385
0.382
0.379
0.376
0.373
-1.63
-1.633
0.364
-1.639
-1.642
-1.645
0.352
0.349
0.346
0.34299999999999997
0.33999999999999997
0.33699999999999997
-1.666
-1.669
0.32799999999999996
-1.675
-1.678
-1.681
0.31599999999999995
0.31299999999999994
0.30999999999999994
0.30699999999999994
0.30399999999999994
0.30099999999999993
-1.702
-1.705
0.29200000000000004
-1.7109999999999999
-1.714
-1.717
0.28
0.277
0.274
0.271
0.268
0.265
-1.738
-1.741
0.256
-1.7469999999999999
-1.75
-1.7530000000000001
0.244
0.241
0.238
0.235
0.23199999999999998
0.22899999999999998
-1.774
-1.7770000000000001
0.21999999999999997
-1.783
-1.786
-1.7890000000000001
0.20799999999999996
0.20499999999999996
0.20199999999999996
0.19899999999999995
0.19599999999999995
0.19299999999999995
-1.81
-1.8130000000000002
0.18399999999999994
-1.819
-1.822
-1.8250000000000002
0.17199999999999993
0.16899999999999993
0.16600000000000004
0.16300000000000003
0.16000000000000003
0.15700000000000003
-1.846
-1.849
0.14800000000000002
-1.855
-1.858
-1.861
0.136
0.133
0.13
0.127
0.124
0.121
-1.8820000000000001
-1.885
0.11199999999999999
-1.891
-1.8940000000000001
-1.897
0.09999999999999998
0.09699999999999998
0.09399999999999997
0.09099999999999997
0.08799999999999997
0.08499999999999996
-1.9180000000000001
-1.921
0.07599999999999996
-1.927
-1.9300000000000002
-1.933
0.06399999999999995
0.06099999999999994
0.05799999999999994
0.05499999999999994
0.051999999999999935
0.04899999999999993
-1.9540000000000002
-1.957
0.040000000000000036
-1.963
-1.966
-1.9689999999999999
0.028000000000000025
0.025000000000000022
0.02200000000000002
0.019000000000000017
0.016000000000000014
0.013000000000000012
-1.99
-1.9929999999999999
0.0040000000000000036
-1.999
-2.002
-2.005
-0.008000000000000007
-0.01100000000000012
-0.014000000000000012
-0.017000000000000126
-0.020000000000000018
-0.02300000000000013
-2.026
-2.029
-0.03200000000000003
-2.035
-2.0380000000000003
-2.041
-0.04400000000000004
-0.04699999999999993
-0.050000000000000044
-0.052999999999999936
-0.05600000000000005
-0.05899999999999994
-2.0620000000000003
-2.065
-0.06800000000000006
-2.0709999999999997
-2.074
-2.077
-0.08000000000000007
-0.08299999999999996
-0.08600000000000008
-0.08899999999999997
-0.09200000000000008
-0.09499999999999997
-2.098
-2.101
-0.10400000000000009
-2.107
-2.1100000000000003
-2.113
-0.1160000000000001
-0.119
-0.12200000000000011
-0.125
-0.1280000000000001
-0.131
-2.1340000000000003
-2.137
-0.14000000000000012
-2.143
-2.146
-2.149
-0.15200000000000014
-0.15500000000000003
-0.15799999999999992
-0.16100000000000003
-0.16399999999999992
-0.16700000000000004
-2.17
-2.173
-0.17599999999999993
-2.1790000000000003
-2.182
-2.185
-0.18799999999999994
-0.19100000000000006
-0.19399999999999995
-0.19700000000000006
-0.19999999999999996
-0.20300000000000007
-2.206
-2.209
-0.21199999999999997
-2.215
-2.218
-2.221
-0.22399999999999998
-0.2270000000000001
-0.22999999999999998
-0.2330000000000001
-0.236
-0.2390000000000001
-2.242
-2.245
-0.248
-2.2510000000000003
-2.254
-2.257
-0.26
-0.2630000000000001
-0.266
-0.26900000000000013
-0.272
-0.27500000000000013
-2.278
-2.2809999999999997
-0.28400000000000003
-2.287
-2.29
-2.293
-0.29600000000000004
-0.29899999999999993
-0.30200000000000005
-0.30499999999999994
-0.30800000000000005
-0.31099999999999994
-2.314
-2.317
-0.32000000000000006
-2.323
-2.326
-2.3289999999999997
-0.3320000000000001
-0.33499999999999996
-0.3380000000000001
-0.34099999999999997
-0.3440000000000001
-0.347
-2.35
-2.3529999999999998
-0.3560000000000001
-2.359
-2.362
-2.365
-0.3680000000000001
-0.371
-0.3740000000000001
-0.377
-0.3800000000000001
-0.383
-2.386
-2.3890000000000002
-0.3920000000000001
-2.395
-2.398
-2.401
-0.40400000000000014
-0.40700000000000003
-0.4099999999999999
-0.41300000000000003
-0.4159999999999999
-0.41900000000000004
-2.4219999999999997
-2.425
-0.42799999999999994
-2.431
-2.434
-2.4370000000000003
-0.43999999999999995
-0.44300000000000006
-0.44599999999999995
-0.44900000000000007
-0.45199999999999996
-0.45500000000000007
-2.458
-2.4610000000000003
-0.46399999999999997
-2.467
-2.4699999999999998
-2.473
-0.476
-0.4790000000000001
-0.482
-0.4850000000000001
-0.488
-0.4910000000000001
-2.4939999999999998
-2.497
-0.5
-2.503
-2.5060000000000002
-2.5090000000000003
-0.512
-0.5150000000000001
-0.518
-0.5210000000000001
-0.524
-0.5270000000000001
-2.5300000000000002
-2.5330000000000004
-0.536
-2.5389999999999997
-2.542
-2.545
-0.548
-0.5509999999999999
-0.554
-0.5569999999999999
-0.56
-0.563
-2.566
-2.569
-0.5720000000000001
-2.575
-2.5780000000000003
-2.581
-0.5840000000000001
-0.587
-0.5900000000000001
-0.593
-0.5960000000000001
-0.599
-2.6020000000000003
-2.605
-0.6080000000000001
-2.6109999999999998
-2.614
-2.617
-0.6200000000000001
-0.623
-0.6260000000000001
-0.629
-0.6320000000000001
-0.635
-2.638
-2.641
-0.6440000000000001
-2.6470000000000002
-2.6500000000000004
-2.653
-0.6560000000000001
-0.659
-0.6620000000000001
-0.665
-0.6679999999999999
-0.671
-2.674
-2.677
-0.6799999999999999
-2.683
-2.686
-2.689
-0.692
-0.6950000000000001
-0.698
-0.7010000000000001
-0.704
-0.7070000000000001
-2.71
-2.713
-0.716
-2.7190000000000003
-2.722
-2.725
-0.728
-0.7310000000000001
-0.734
-0.7370000000000001
-0.74
-0.7430000000000001
-2.746
-2.749
-0.752
-2.755
-2.758
-2.761
-0.764
-0.7670000000000001
-0.77
-0.7730000000000001
-0.776
-0.7790000000000001
-2.782
-2.785
-0.788
-2.7910000000000004
-2.794
-2.7969999999999997
-0.8
-0.8029999999999999
-0.806
-0.8089999999999999
-0.812
-0.815
-2.818
-2.8209999999999997
-0.8240000000000001
-2.827
-2.83
-2.833
-0.8360000000000001
-0.839
-0.8420000000000001
-0.845
-0.8480000000000001
-0.851
-2.854
-2.857
-0.8600000000000001
-2.863
-2.866
-2.8689999999999998
-0.8720000000000001
-0.875
-0.8780000000000001
-0.881
-0.8840000000000001
-0.887
-2.89
-2.893
-0.8960000000000001
-2.899
-2.902
-2.9050000000000002
-0.9080000000000001
-0.911
-0.9140000000000001
-0.917
-0.9199999999999999
-0.923
-2.926
-2.9290000000000003
-0.9319999999999999
-2.935
-2.9379999999999997
-2.941
-0.944
-0.9470000000000001
-0.95
-0.9530000000000001
-0.956
-0.9590000000000001
-2.9619999999999997
-2.965
-0.968
-2.971
-2.974
-2.9770000000000003
-0.98
-0.9830000000000001
-0.986
-0.9890000000000001
-0.992
-0.9950000000000001
-2.998
-3.001
-1.004
-3.007
-3.0100000000000002
-3.013
-1.016
-1.0190000000000001
-1.0220000000000002
-1.025
-1.028
-1.0310000000000001
-3.0340000000000003
-3.037
-1.04
-3.043
-3.0460000000000003
-3.049
-1.052
-1.0550000000000002
-1.0579999999999998
-1.061
-1.064
-1.0670000000000002
-3.07
-3.073
-1.076
-3.079
-3.082
-3.085
-1.088
-1.0910000000000002
-1.0939999999999999
-1.097
-1.1
-1.1030000000000002
-3.106
-3.109
-1.112
-3.115
-3.118
-3.121
-1.124
-1.1270000000000002
-1.13
-1.133
-1.1360000000000001
-1.1390000000000002
-3.142
-3.145
-1.1480000000000001
-3.1510000000000002
-3.154
-3.157
-1.1600000000000001
-1.1630000000000003
-1.166
-1.169
-1.1720000000000002
-1.1750000000000003
-3.178
-3.181
-1.1840000000000002
-3.187
-3.19
-3.193
-1.1960000000000002
-1.1989999999999998
-1.202
-1.205
-1.2080000000000002
-1.2109999999999999
-3.214
-3.217
-1.2200000000000002
-3.223
-3.226
-3.229
-1.2320000000000002
-1.2349999999999999
-1.238
-1.241
-1.2440000000000002
-1.2469999999999999
-3.25
-3.253
-1.2560000000000002
-3.259
-3.262
-3.265
-1.2680000000000002
-1.271
-1.274
-1.2770000000000001
-1.2800000000000002
-1.283
-3.286
-3.289
-1.2920000000000003
-3.295
-3.298
-3.301
-1.3040000000000003
-1.307
-1.31
-1.3130000000000002
-1.3159999999999998
-1.319
-3.322
-3.325
-1.3279999999999998
-3.331
-3.334
-3.337
-1.3399999999999999
-1.343
-1.346
-1.3490000000000002
-1.3519999999999999
-1.355
-3.358
-3.361
-1.3639999999999999
-3.367
-3.37
-3.373
-1.376
-1.379
-1.3820000000000001
-1.3850000000000002
-1.388
-1.391
-3.394
-3.3970000000000002
-1.4
-3.403
-3.406
-3.4090000000000003
-1.412
-1.415
-1.4180000000000001
-1.4210000000000003
-1.424
-1.427
-3.43
-3.433
-1.436
-3.439
-3.442
-3.445
-1.448
-1.451
-1.4540000000000002
-1.4569999999999999
-1.46
-1.463
-3.466
-3.469
-1.472
-3.475
-3.478
-3.481
-1.484
-1.487
-1.4900000000000002
-1.4929999999999999
-1.496
-1.499
-3.5020000000000002
-3.505
-1.508
-3.511
-3.5140000000000002
-3.517
-1.52
-1.5230000000000001
-1.5260000000000002
-1.529
-1.532
-1.5350000000000001
-3.5380000000000003
-3.541
-1.544
-3.547
-3.5500000000000003
-3.553
-1.556
-1.5590000000000002
-1.5619999999999998
-1.565
-1.568
-1.5710000000000002
-3.574
-3.577
-1.58
-3.583
-3.586
-3.589
-1.592
-1.5950000000000002
-1.5979999999999999
-1.601
-1.604
-1.6070000000000002
-3.61
-3.613
-1.616
-3.619
-3.622
-3.625
-1.6280000000000001
-1.6310000000000002
-1.634
-1.637
-1.6400000000000001
-1.6430000000000002
-3.646
-3.649
-1.6520000000000001
-3.6550000000000002
-3.658
-3.661
-1.6640000000000001
-1.6670000000000003
-1.67
-1.673
-1.6760000000000002
-1.6790000000000003
-3.682
-3.685
-1.6880000000000002
-3.691
-3.694
-3.697
-1.7000000000000002
-1.7029999999999998
-1.706
-1.709
-1.7120000000000002
-1.7149999999999999
-3.718
-3.721
-1.7240000000000002
-3.727
-3.73
-3.733
-1.7360000000000002
-1.7389999999999999
-1.742
-1.745
-1.7480000000000002
-1.751
-3.754
-3.757
-1.7600000000000002
-3.763
-3.766
-3.769
-1.7720000000000002
-1.775
-1.778
-1.7810000000000001
-1.7840000000000003
-1.787
-3.79
-3.793
-1.7960000000000003
-3.799
-3.802
-3.805
-1.8080000000000003
-1.811
-1.814
-1.8170000000000002
-1.8199999999999998
-1.823
-3.826
-3.829
-1.8319999999999999
-3.835
-3.838
-3.841
-1.8439999999999999
-1.847
-1.85
-1.8530000000000002
-1.8559999999999999
-1.859
-3.862
-3.865
-1.8679999999999999
-3.871
-3.874
-3.8770000000000002
-1.88
-1.883
-1.8860000000000001
-1.8890000000000002
-1.892
-1.895
-3.898
-3.9010000000000002
-1.904
-3.907
-3.91
-3.9130000000000003
-1.916
-1.919
-1.9220000000000002
-1.9250000000000003
-1.928
-1.931
-3.934
-3.9370000000000003
-1.94
-3.943
-3.946
-3.949
-1.952
-1.955
-1.9580000000000002
-1.9609999999999999
-1.964
-1.967
-3.97
-3.973
-1.976
-3.979
-3.982
-3.985
-1.988
-1.991
-1.9940000000000002
-1.9969999999999999
-2.0
-2.003
-4.006
-4.009
-2.012
-4.015000000000001
-4.018000000000001
-4.021
-2.024
-2.027
-2.0300000000000002
-2.033
-2.036
-2.039
-4.042
-4.045
-2.048
-4.051
-4.054
-4.057
-2.06
-2.063
-2.0660000000000003
-2.069
-2.072
-2.075
-4.077999999999999
-4.0809999999999995
-2.084
-4.087
-4.09
-4.093
-2.096
-2.099
-2.102
-2.105
-2.108
-2.111
-4.114
-4.117
-2.12
-4.123
-4.1259999999999994
-4.129
-2.132
-2.1350000000000002
-2.138
-2.141
-2.144
-2.1470000000000002
-4.15
-4.1530000000000005
-2.156
-4.159000000000001
-4.162
-4.165
-2.168
-2.1710000000000003
-2.174
-2.177
-2.18
-2.1830000000000003
-4.186
-4.189
-2.192
-4.195
-4.198
-4.2010000000000005
-2.204
-2.207
-2.21
-2.213
-2.216
-2.219
-4.2219999999999995
-4.225
-2.228
-4.231
-4.234
-4.237
-2.24
-2.243
-2.246
-2.249
-2.2520000000000002
-2.255
-4.258
-4.261
-2.2640000000000002
-4.2669999999999995
-4.27
-4.273
-2.2760000000000002
-2.279
-2.282
-2.285
-2.2880000000000003
-2.291
-4.2940000000000005
-4.297000000000001
-2.3000000000000003
-4.303
-4.306
-4.309
-2.3120000000000003
-2.315
-2.318
-2.321
-2.3240000000000003
-2.327
-4.33
-4.333
-2.336
-4.339
-4.3420000000000005
-4.345000000000001
-2.348
-2.351
-2.354
-2.357
-2.36
-2.363
-4.366
-4.369
-2.372
-4.375
-4.378
-4.381
-2.384
-2.387
-2.39
-2.3930000000000002
-2.396
-2.399
-4.402
-4.405
-2.408
-4.411
-4.414
-4.417
-2.42
-2.423
-2.426
-2.4290000000000003
-2.432
-2.435
-4.438000000000001
-4.441000000000001
-2.444
-4.447
-4.45
-4.453
-2.456
-2.459
-2.462
-2.465
-2.468
-2.471
-4.474
-4.477
-2.48
-4.4830000000000005
-4.486000000000001
-4.489
-2.492
-2.495
-2.498
-2.501
-2.504
-2.507
-4.51
-4.513
-2.516
-4.519
-4.522
-4.525
-2.528
-2.531
-2.5340000000000003
-2.537
-2.54
-2.543
-4.546
-4.5489999999999995
-2.552
-4.555
-4.558
-4.561
-2.564
-2.567
-2.5700000000000003
-2.573
-2.576
-2.579
-4.582000000000001
-4.585
-2.588
-4.591
-4.593999999999999
-4.5969999999999995
-2.6
-2.603
-2.606
-2.609
-2.612
-2.615
-4.618
-4.621
-2.624
-4.627000000000001
-4.63
-4.633
-2.636
-2.6390000000000002
-2.642
-2.645
-2.648
-2.6510000000000002
-4.654
-4.657
-2.66
-4.663
-4.666
-4.6690000000000005
-2.672
-2.6750000000000003
-2.678
-2.681
-2.684
-2.6870000000000003
-4.6899999999999995
-4.693
-2.696
-4.699
-4.702
-4.705
-2.708
-2.7110000000000003
-2.714
-2.717
-2.72
-2.723
-4.726
-4.729
-2.732
-4.734999999999999
-4.7379999999999995
-4.741
-2.744
-2.747
-2.75
-2.753
-2.7560000000000002
-2.759
-4.7620000000000005
-4.765000000000001
-2.7680000000000002
-4.771
-4.774
-4.777
-2.7800000000000002
-2.783
-2.786
-2.789
-2.7920000000000003
-2.795
-4.798
-4.801
-2.8040000000000003
-4.807
-4.8100000000000005
-4.813000000000001
-2.8160000000000003
-2.819
-2.822
-2.825
-2.8280000000000003
-2.831
-4.834
-4.837
-2.84
-4.843
-4.846
-4.849
-2.852
-2.855
-2.858
-2.861
-2.864
-2.867
-4.87
-4.873
-2.876
-4.879
-4.882
-4.885
-2.888
-2.891
-2.894
-2.8970000000000002
-2.9
-2.903
-4.906000000000001
-4.909000000000001
-2.912
-4.915
-4.918
-4.921
-2.924
-2.927
-2.93
-2.9330000000000003
-2.936
-2.939
-4.942
-4.945
-2.948
-4.9510000000000005
-4.954000000000001
-4.957000000000001
-2.96
-2.963
-2.966
-2.969
-2.972
-2.975
-4.978
-4.981
-2.984
-4.987
-4.99
-4.993
-2.996
-2.999
-3.002
-3.005
-3.008
-3.011
-5.014
-5.017
-3.0200000000000005
-5.023
-5.026
-5.029
-3.032
-3.035
-3.0380000000000003
-3.0410000000000004
-3.0440000000000005
-3.0469999999999997
-5.05
-5.053
-3.056
-5.059
-5.062
-5.065
-3.0680000000000005
-3.0709999999999997
-3.074
-3.077
-3.08
-3.083
-5.086
-5.089
-3.0920000000000005
-5.095
-5.098
-5.101
-3.104
-3.107
-3.1100000000000003
-3.1130000000000004
-3.1159999999999997
-3.1189999999999998
-5.122
-5.125
-3.128
-5.131
-5.134
-5.1370000000000005
-3.1399999999999997
-3.143
-3.146
-3.149
-3.152
-3.1550000000000002
-5.158
-5.1610000000000005
-3.1639999999999997
-5.167
-5.17
-5.173
-3.176
-3.1790000000000003
-3.1820000000000004
-3.1850000000000005
-3.1879999999999997
-3.191
-5.194
-5.197
-3.2
-5.203
-5.206
-5.2090000000000005
-3.2119999999999997
-3.215
-3.218
-3.221
-3.224
-3.2270000000000003
-5.23
-5.233
-3.2359999999999998
-5.239
-5.242
-5.245
-3.248
-3.2510000000000003
-3.2540000000000004
-3.2569999999999997
-3.26
-3.263
-5.266
-5.269
-3.2720000000000002
-5.275
-5.2780000000000005
-5.281
-3.284
-3.287
-3.29
-3.293
-3.2960000000000003
-3.2990000000000004
-5.3020000000000005
-5.305
-3.308
-5.311
-5.314
-5.317
-3.3200000000000003
-3.3230000000000004
-3.3260000000000005
-3.3289999999999997
-3.332
-3.335
-5.338
-5.341
-3.3440000000000003
-5.347
-5.3500000000000005
-5.353
-3.356
-3.359
-3.362
-3.365
-3.3680000000000003
-3.3710000000000004
-5.374
-5.377
-3.38
-5.383
-5.386
-5.389
-3.3920000000000003
-3.3950000000000005
-3.3979999999999997
-3.401
-3.404
-3.407
-5.41
-5.413
-3.4160000000000004
-5.4190000000000005
-5.422
-5.425
-3.428
-3.431
-3.434
-3.4370000000000003
-3.4400000000000004
-3.4430000000000005
-5.446
-5.449
-3.452
-5.455
-5.458
-5.461
-3.4640000000000004
-3.4670000000000005
-3.4699999999999998
-3.473
-3.476
-3.479
-5.482
-5.485
-3.4880000000000004
-5.491
-5.494
-5.497
-3.5
-3.503
-3.5060000000000002
-3.5090000000000003
-3.5120000000000005
-3.5149999999999997
-5.518
-5.521
-3.524
-5.527
-5.53
-5.533
-3.5360000000000005
-3.5389999999999997
-3.542
-3.545
-3.548
-3.551
-5.554
-5.557
-3.5600000000000005
-5.563
-5.566
-5.569
-3.572
-3.575
-3.5780000000000003
-3.5810000000000004
-3.5840000000000005
-3.5869999999999997
-5.59
-5.593
-3.596
-5.599
-5.602
-5.605
-3.6080000000000005
-3.6109999999999998
-3.614
-3.617
-3.62
-3.623
-5.626
-5.6290000000000004
-3.6319999999999997
-5.635
-5.638
-5.641
-3.644
-3.6470000000000002
-3.6500000000000004
-3.6530000000000005
-3.6559999999999997
-3.659
-5.662
-5.665
-3.668
-5.671
-5.674
-5.6770000000000005
-3.6799999999999997
-3.683
-3.686
-3.689
-3.692
-3.6950000000000003
-5.698
-5.7010000000000005
-3.7039999999999997
-5.707
-5.71
-5.713
-3.716
-3.7190000000000003
-3.7220000000000004
-3.7250000000000005
-3.7279999999999998
-3.731
-5.734
-5.737
-3.74
-5.743
-5.746
-5.749
-3.752
-3.755
-3.758
-3.761
-3.7640000000000002
-3.7670000000000003
-5.7700000000000005
-5.773
-3.776
-5.779
-5.782
-5.785
-3.7880000000000003
-3.7910000000000004
-3.7940000000000005
-3.7969999999999997
-3.8
-3.803
-5.806
-5.809
-3.8120000000000003
-5.815
-5.8180000000000005
-5.821
-3.824
-3.827
-3.83
-3.833
-3.8360000000000003
-3.8390000000000004
-5.8420000000000005
-5.845
-3.848
-5.851
-5.854
-5.857
-3.8600000000000003
-3.8630000000000004
-3.8659999999999997
-3.8689999999999998
-3.872
-3.875
-5.878
-5.881
-3.8840000000000003
-5.8870000000000005
-5.89
-5.893
-3.896
-3.899
-3.902
-3.9050000000000002
-3.9080000000000004
-3.9110000000000005
-5.914
-5.917
-3.92
-5.923
-5.926
-5.929
-3.9320000000000004
-3.9350000000000005
-3.9379999999999997
-3.941
-3.944
-3.947
-5.95
-5.953
-3.9560000000000004
-5.9590000000000005
-5.962
-5.965
-3.968
-3.971
-3.974
-3.9770000000000003
-3.9800000000000004
-3.9830000000000005
-5.986
-5.989
-3.992
-5.995
-5.998
-6.001
-4.0040000000000004
-4.007
-4.01
-4.013
-4.016
-4.019
-6.022
-6.025
-4.0280000000000005
-6.031
-6.034
-6.037
-4.04
-4.043
-4.046
-4.049
-4.0520000000000005
-4.055
-6.058
-6.061
-4.064
-6.067
-6.07
-6.073
-4.0760000000000005
-4.079
-4.082
-4.085
-4.088
-4.091
-6.094
-6.097
-4.1000000000000005
-6.103
-6.106
-6.109
-4.112
-4.115
-4.118
-4.121
-4.124
-4.127
-6.13
-6.133
-4.136
-6.139
-6.142
-6.1450000000000005
-4.148
-4.151
-4.154
-4.157
-4.16
-4.163
-6.166
-6.1690000000000005
-4.172
-6.175
-6.178
-6.181
-4.184
-4.187
-4.19
-4.1930000000000005
-4.196
-4.199
-6.202
-6.205
-4.208
-6.211
-6.214
-6.2170000000000005
-4.22
-4.223
-4.226
-4.229
-4.232
-4.235
-6.238
-6.2410000000000005
-4.244
-6.247
-6.25
-6.253
-4.256
-4.259
-4.2620000000000005
-4.265
-4.268
-4.271
-6.274
-6.277
-4.28
-6.283
-6.2860000000000005
-6.289
-4.292
-4.295
-4.298
-4.301
-4.304
-4.307
-6.3100000000000005
-6.313
-4.316
-6.319
-6.322
-6.325
-4.328
-4.331
-4.3340000000000005
-4.337
-4.34
-4.343
-6.346
-6.349
-4.352
-6.355
-6.3580000000000005
-6.361
-4.364
-4.367
-4.37
-4.373
-4.376
-4.3790000000000004
-6.382
-6.385
-4.388
-6.391
-6.394
-6.397
-4.4
-4.4030000000000005
-4.406
-4.409
-4.412
-4.415
-6.418
-6.421
-4.424
-6.4270000000000005
-6.43
-6.433
-4.436
-4.439
-4.442
-4.445
-4.448
-4.4510000000000005
-6.454
-6.457
-4.46
-6.463
-6.466
-6.469
-4.472
-4.4750000000000005
-4.478
-4.481
-4.484
-4.487
-6.49
-6.493
-4.496
-6.4990000000000006
-6.502
-6.505
-4.508
-4.511
-4.514
-4.517
-4.5200000000000005
-4.523
-6.526
-6.529
-4.532
-6.535
-6.538
-6.541
-4.5440000000000005
-4.547
-4.55
-4.553
-4.556
-4.559
-6.562
-6.565
-4.5680000000000005
-6.571
-6.574
-6.577
-4.58
-4.583
-4.586
-4.589
-4.5920000000000005
-4.595
-6.598
-6.601
-4.604
-6.607
-6.61
-6.613
-4.6160000000000005
-4.619
-4.622
-4.625
-4.628
-4.631
-6.634
-6.6370000000000005
-4.64
-6.643
-6.646
-6.649
-4.652
-4.655
-4.658
-4.6610000000000005
-4.664
-4.667
-6.67
-6.673
-4.676
-6.679
-6.682
-6.6850000000000005
-4.688
-4.691
-4.694
-4.697
-4.7
-4.703
-6.706
-6.7090000000000005
-4.712
-6.715
-6.718
-6.721
-4.724
-4.727
-4.73
-4.7330000000000005
-4.736
-4.739
-6.742
-6.745
-4.748
-6.751
-6.7540000000000004
-6.757000000000001
-4.76
-4.763
-4.766
-4.769
-4.772
-4.775
-6.7780000000000005
-6.781
-4.784
-6.787
-6.79
-6.793
-4.796
-4.799
-4.8020000000000005
-4.805
-4.808
-4.811
-6.814
-6.817
-4.82
-6.823
-6.8260000000000005
-6.829
-4.832
-4.835
-4.838
-4.841
-4.844
-4.847
-6.8500000000000005
-6.853
-4.856
-6.859
-6.862
-6.865
-4.868
-4.871
-4.8740000000000006
-4.877
-4.88
-4.883
-6.886
-6.889
-4.892
-6.8950000000000005
-6.898
-6.901
-4.904
-4.907
-4.91
-4.913
-4.916
-4.9190000000000005
-6.922
-6.925
-4.928
-6.931
-6.934
-6.937
-4.94
-4.9430000000000005
-4.946
-4.949
-4.952
-4.955
-6.958
-6.961
-4.964
-6.9670000000000005
-6.97
-6.973
-4.976
-4.979
-4.982
-4.985
-4.988
-4.9910000000000005
-6.994
-6.997
-5.0
-7.003
-7.006
-7.009
-5.0120000000000005
-5.015000000000001
-5.018
-5.021
-5.024
-5.027
-7.03
-7.033
-5.0360000000000005
-7.039
-7.042
-7.045
-5.048
-5.051
-5.054
-5.057
-5.0600000000000005
-5.063
-7.066
-7.069
-5.072
-7.075
-7.078
-7.081
-5.0840000000000005
-5.087
-5.09
-5.093
-5.096
-5.099
-7.102
-7.105
-5.1080000000000005
-7.111
-7.114
-7.117
-5.12
-5.123
-5.126
-5.1290000000000004
-5.132000000000001
-5.135
-7.138
-7.141
-5.144
-7.147
-7.15
-7.1530000000000005
-5.156
-5.159
-5.162
-5.165
-5.168
-5.171
-7.174
-7.1770000000000005
-5.18
-7.183
-7.186
-7.189
-5.192
-5.195
-5.198
-5.2010000000000005
-5.204
-5.207
-7.21
-7.213
-5.216
-7.219
-7.222
-7.2250000000000005
-5.228
-5.231
-5.234
-5.237
-5.24
-5.243
-7.246
-7.2490000000000006
-5.252
-7.255
-7.258
-7.261
-5.264
-5.267
-5.2700000000000005
-5.273
-5.276
-5.279
-7.282
-7.285
-5.288
-7.291
-7.2940000000000005
-7.297
-5.3
-5.303
-5.306
-5.309
-5.312
-5.315
-7.3180000000000005
-7.321
-5.324
-7.327
-7.33
-7.333
-5.336
-5.339
-5.3420000000000005
-5.345
-5.348
-5.351
-7.354
-7.357
-5.36
-7.363
-7.3660000000000005
-7.369
-5.372
-5.375
-5.378
-5.381
-5.384
-5.3870000000000005
-7.390000000000001
-7.393
-5.396
-7.399
-7.402
-7.405
-5.408
-5.4110000000000005
-5.414
-5.417
-5.42
-5.423
-7.426
-7.429
-5.432
-7.4350000000000005
-7.438
-7.441
-5.444
-5.447
-5.45
-5.453
-5.456
-5.4590000000000005
-7.462
-7.465
-5.468
-7.471
-7.474
-7.477
-5.48
-5.4830000000000005
-5.486
-5.489
-5.492
-5.495
-7.498
-7.501
-5.5040000000000004
-7.507000000000001
-7.51
-7.513
-5.516
-5.519
-5.522
-5.525
-5.5280000000000005
-5.531
-7.534
-7.537
-5.54
-7.543
-7.546
-7.549
-5.5520000000000005
-5.555
-5.558
-5.561
-5.564
-5.567
-7.57
-7.573
-5.5760000000000005
-7.579
-7.582
-7.585
-5.588
-5.591
-5.594
-5.597
-5.6000000000000005
-5.603
-7.606
-7.609
-5.612
-7.615
-7.618
-7.621
-5.6240000000000006
-5.627
-5.63
-5.633
-5.636
-5.639
-7.642
-7.6450000000000005
-5.648000000000001
-7.651
-7.654
-7.657
-5.66
-5.663
-5.666
-5.6690000000000005
-5.672
-5.675
-7.678
-7.681
-5.684
-7.687
-7.69
-7.6930000000000005
-5.696
-5.699
-5.702
-5.705
-5.708
-5.711
-7.714
-7.7170000000000005
-5.72
-7.723
-7.726
-7.729
-5.732
-5.735
-5.738
-5.7410000000000005
-5.744
-5.747
-7.75
-7.753
-5.756
-7.759
-7.7620000000000005
-7.765000000000001
-5.768
-5.771
-5.774
-5.777
-5.78
-5.783
-7.7860000000000005
-7.789
-5.792
-7.795
-7.798
-7.801
-5.804
-5.807
-5.8100000000000005
-5.813
-5.816
-5.819
-7.822
-7.825
-5.828
-7.831
-7.8340000000000005
-7.837
-5.84
-5.843
-5.846
-5.849
-5.852
-5.855
-7.8580000000000005
-7.861
-5.864
-7.867
-7.87
-7.873
-5.876
-5.8790000000000004
-5.882000000000001
-5.885
-5.888
-5.891
-7.894
-7.897
-5.9
-7.9030000000000005
-7.906000000000001
-7.909
-5.912
-5.915
-5.918
-5.921
-5.924
-5.9270000000000005
-7.93
-7.933
-5.936
-7.939
-7.942
-7.945
-5.948
-5.9510000000000005
-5.954
-5.957
-5.96
-5.963
-7.966
-7.969
-5.972
-7.9750000000000005
-7.978
-7.981
-5.984
-5.987
-5.99
-5.993
-5.996
-5.9990000000000006
-8.001999999999999
-8.004999999999999
-6.008
-8.011
-8.014
-8.017
-6.0200000000000005
-6.023000000000001
-6.026
-6.029
-6.032
-6.035
-8.038
-8.041
-6.0440000000000005
-8.047
-8.05
-8.053
-6.056
-6.059
-6.062
-6.065
-6.0680000000000005
-6.071
-8.074
-8.077
-6.08
-8.083
-8.086
-8.089
-6.0920000000000005
-6.095
-6.098
-6.101
-6.104
-6.107
-8.11
-8.113
-6.1160000000000005
-8.119
-8.122
-8.125
-6.128
-6.131
-6.134
-6.1370000000000005
-6.140000000000001
-6.143
-8.146
-8.149000000000001
-6.152
-8.155000000000001
-8.158000000000001
-8.161000000000001
-6.164000000000001
-6.167
-6.17
-6.173
-6.176
-6.179
-8.182
-8.185
-6.188
-8.190999999999999
-8.193999999999999
-8.197
-6.2
-6.203
-6.206
-6.2090000000000005
-6.212
-6.215
-8.218
-8.221
-6.224
-8.227
-8.23
-8.233
-6.236
-6.239
-6.242
-6.245
-6.248
-6.251
-8.254000000000001
-8.257000000000001
-6.26
-8.263
-8.266
-8.269
-6.272
-6.275
-6.2780000000000005
-6.281000000000001
-6.284
-6.287
-8.29
-8.293
-6.296
-8.299
-8.302
-8.305
-6.308
-6.311
-6.314
-6.317
-6.32
-6.323
-8.326
-8.329
-6.332
-8.335
-8.338000000000001
-8.341000000000001
-6.344
-6.347
-6.3500000000000005
-6.353
-6.356
-6.359
-8.362
-8.365
-6.368
-8.371
-8.374
-8.376999999999999
-6.38
-6.383
-6.386
-6.389
-6.392
-6.3950000000000005
-8.398
-8.401
-6.404
-8.407
-8.41
-8.413
-6.416
-6.4190000000000005
-6.422000000000001
-6.425
-6.428
-6.431
-8.434000000000001
-8.437000000000001
-6.44
-8.443000000000001
-8.446
-8.449
-6.452
-6.455
-6.458
-6.461
-6.464
-6.4670000000000005
-8.469999999999999
-8.472999999999999
-6.476
-8.479
-8.482
-8.485
-6.488
-6.4910000000000005
-6.494
-6.497
-6.5
-6.503
-8.506
-8.509
-6.5120000000000005
-8.515
-8.518
-8.521
-6.524
-6.527
-6.53
-6.533
-6.5360000000000005
-6.539000000000001
-8.542
-8.545
-6.548
-8.551
-8.554
-8.557
-6.5600000000000005
-6.563
-6.566
-6.569
-6.572
-6.575
-8.578
-8.581
-6.5840000000000005
-8.587
-8.59
-8.593
-6.596
-6.599
-6.602
-6.605
-6.6080000000000005
-6.611
-8.614
-8.617
-6.62
-8.623000000000001
-8.626000000000001
-8.629000000000001
-6.632000000000001
-6.635
-6.638
-6.641
-6.644
-6.647
-8.65
-8.653
-6.656000000000001
-8.658999999999999
-8.661999999999999
-8.665
-6.668
-6.671
-6.674
-6.6770000000000005
-6.68
-6.683
-8.686
-8.689
-6.692
-8.695
-8.698
-8.701
-6.704
-6.707
-6.71
-6.713
-6.716
-6.719
-8.722000000000001
-8.725000000000001
-6.728
-8.731
-8.734
-8.737
-6.74
-6.743
-6.746
-6.7490000000000006
-6.752
-6.755
-8.758
-8.761
-6.764
-8.767
-8.77
-8.773
-6.776
-6.779
-6.782
-6.785
-6.788
-6.791
-8.794
-8.797
-6.8
-8.803
-8.806000000000001
-8.809000000000001
-6.812
-6.815
-6.8180000000000005
-6.821
-6.824
-6.827
-8.83
-8.833
-6.836
-8.839
-8.842
-8.844999999999999
-6.848
-6.851
-6.854
-6.857
-6.86
-6.863
-8.866
-8.869
-6.872
-8.875
-8.878
-8.881
-6.884
-6.8870000000000005
-6.890000000000001
-6.893
-6.896
-6.899
-8.902000000000001
-8.905000000000001
-6.908
-8.911000000000001
-8.914000000000001
-8.917
-6.92
-6.923
-6.926
-6.929
-6.932
-6.9350000000000005
-8.937999999999999
-8.940999999999999
-6.944
-8.947
-8.95
-8.953
-6.956
-6.9590000000000005
-6.962
-6.965
-6.968
-6.971
-8.974
-8.977
-6.98
-8.983
-8.986
-8.989
-6.992
-6.995
-6.998
-7.0009999999999994
-7.004
-7.007
-9.01
-9.013
-7.016
-9.019
-9.022
-9.025
-7.0280000000000005
-7.031000000000001
-7.034000000000001
-7.037000000000001
-7.040000000000001
-7.043000000000001
-9.046
-9.049
-7.052
-9.055
-9.058
-9.061
-7.064
-7.067
-7.07
-7.073
-7.0760000000000005
-7.079000000000001
-9.082
-9.085
-7.088000000000001
-9.091
-9.094
-9.097
-7.1
-7.103
-7.106
-7.109
-7.112
-7.115
-9.118
-9.121
-7.1240000000000006
-9.127
-9.13
-9.133000000000001
-7.136000000000001
-7.138999999999999
-7.1419999999999995
-7.145
-7.148
-7.151
-9.154
-9.157
-7.16
-9.163
-9.166
-9.169
-7.172000000000001
-7.175000000000001
-7.178000000000001
-7.181000000000001
-7.184000000000001
-7.186999999999999
-9.19
-9.193
-7.196
-9.199
-9.202
-9.205
-7.208
-7.211
-7.214
-7.2170000000000005
-7.220000000000001
-7.223000000000001
-9.226
-9.229000000000001
-7.231999999999999
-9.235
-9.238
-9.241
-7.244
-7.247
-7.25
-7.253
-7.256
-7.259
-9.262
-9.265
-7.268000000000001
-9.271
-9.274000000000001
-9.277000000000001
-7.279999999999999
-7.2829999999999995
-7.286
-7.289
-7.292
-7.295
-9.298
-9.301
-7.304
-9.307
-9.31
-9.313
-7.316000000000001
-7.319000000000001
-7.322000000000001
-7.324999999999999
-7.327999999999999
-7.3309999999999995
-9.334
-9.337
-7.34
-9.343
-9.346
-9.349
-7.352
-7.355
-7.3580000000000005
-7.361000000000001
-7.364000000000001
-7.367000000000001
-9.370000000000001
-9.373
-7.3759999999999994
-9.379
-9.382
-9.385
-7.388
-7.391
-7.394
-7.397
-7.4
-7.4030000000000005
-9.406
-9.409
-7.412000000000001
-9.415000000000001
-9.418000000000001
-9.421
-7.4239999999999995
-7.427
-7.43
-7.433
-7.436
-7.439
-9.442
-9.445
-7.448
-9.451
-9.454
-9.457
-7.460000000000001
-7.463000000000001
-7.465999999999999
-7.468999999999999
-7.4719999999999995
-7.475
-9.478
-9.481
-7.484
-9.487
-9.49
-9.493
-7.496
-7.4990000000000006
-7.502000000000001
-7.505000000000001
-7.508000000000001
-7.511000000000001
-9.514
-9.517
-7.52
-9.523
-9.526
-9.529
-7.532
-7.535
-7.538
-7.541
-7.5440000000000005
-7.547000000000001
-9.55
-9.553
-7.556000000000001
-9.559000000000001
-9.562
-9.565
-7.568
-7.571
-7.574
-7.577
-7.58
-7.583
-9.586
-9.589
-7.5920000000000005
-9.595
-9.598
-9.601
-7.604000000000001
-7.606999999999999
-7.609999999999999
-7.6129999999999995
-7.616
-7.619
-9.622
-9.625
-7.628
-9.631
-9.634
-9.637
-7.640000000000001
-7.643000000000001
-7.646000000000001
-7.649000000000001
-7.652000000000001
-7.654999999999999
-9.658
-9.661
-7.664
-9.667
-9.67
-9.673
-7.676
-7.679
-7.682
-7.6850000000000005
-7.688000000000001
-7.691000000000001
-9.694
-9.697000000000001
-7.700000000000001
-9.703
-9.706
-9.709
-7.712
-7.715
-7.718
-7.721
-7.724
-7.727
-9.73
-9.733
-7.736000000000001
-9.739
-9.742
-9.745000000000001
-7.747999999999999
-7.7509999999999994
-7.754
-7.757
-7.76
-7.763
-9.766
-9.769
-7.772
-9.775
-9.778
-9.781
-7.784000000000001
-7.787000000000001
-7.790000000000001
-7.793000000000001
-7.795999999999999
-7.7989999999999995
-9.802
-9.805
-7.808
-9.811
-9.814
-9.817
-7.82
-7.823
-7.8260000000000005
-7.829000000000001
-7.832000000000001
-7.835000000000001
-9.838000000000001
-9.841
-7.843999999999999
-9.847
-9.85
-9.853
-7.856
-7.859
-7.862
-7.865
-7.868
-7.871
-9.874
-9.877
-7.880000000000001
-9.883000000000001
-9.886000000000001
-9.889
-7.8919999999999995
-7.895
-7.898
-7.901
-7.904
-7.907
-9.91
-9.913
-7.916
-9.919
-9.922
-9.925
-7.928000000000001
-7.931000000000001
-7.934000000000001
-7.936999999999999
-7.9399999999999995
-7.943
-9.946
-9.949
-7.952
-9.955
-9.958
-9.961
-7.964
-7.9670000000000005
-7.970000000000001
-7.973000000000001
-7.976000000000001
-7.979000000000001
-9.982
-9.985
-7.9879999999999995
-9.991
-9.994
-9.997
-8.0
-8.003
-8.006
-8.009
-8.012
-8.015
-10.018
-10.021
-8.024000000000001
-10.027000000000001
-10.03
-10.033
-8.036
-8.039
-8.042
-8.045
-8.048
-8.051
-10.054
-10.057
-8.06
-10.063
-10.066
-10.069
-8.072000000000001
-8.075000000000001
-8.078
-8.081
-8.084
-8.087
-10.09
-10.093
-8.096
-10.099
-10.102
-10.105
-8.108
-8.111
-8.114
-8.117
-8.120000000000001
-8.123
-10.126
-10.129
-8.132
-10.135
-10.138
-10.141
-8.144
-8.147
-8.15
-8.153
-8.156
-8.159
-10.162
-10.165000000000001
-8.168000000000001
-10.171
-10.174
-10.177
-8.18
-8.183
-8.186
-8.189
-8.192
-8.195
-10.198
-10.201
-8.204
-10.207
-10.21
-10.213000000000001
-8.216000000000001
-8.219
-8.222
-8.225
-8.228
-8.231
-10.234
-10.237
-8.24
-10.243
-10.246
-10.249
-8.252
-8.255
-8.258000000000001
-8.261000000000001
-8.264
-8.267
-10.27
-10.273
-8.276
-10.279
-10.282
-10.285
-8.288
-8.291
-8.294
-8.297
-8.3
-8.303
-10.306000000000001
-10.309000000000001
-8.312
-10.315
-10.318
-10.321
-8.324
-8.327
-8.33
-8.333
-8.336
-8.339
-10.342
-10.345
-8.348
-10.351
-10.354000000000001
-10.357
-8.36
-8.363
-8.366
-8.369
-8.372
-8.375
-10.378
-10.381
-8.384
-10.387
-10.39
-10.393
-8.396
-8.399000000000001
-8.402000000000001
-8.405
-8.408
-8.411
-10.414
-10.417
-8.42
-10.423
-10.426
-10.429
-8.432
-8.435
-8.438
-8.441
-8.444
-8.447000000000001
-10.450000000000001
-10.453
-8.456
-10.459
-10.462
-10.465
-8.468
-8.471
-8.474
-8.477
-8.48
-8.483
-10.486
-10.489
-8.492
-10.495000000000001
-10.498
-10.501
-8.504
-8.507
-8.51
-8.513
-8.516
-8.519
-10.522
-10.525
-8.528
-10.531
-10.534
-10.537
-8.540000000000001
-8.543000000000001
-8.546
-8.549
-8.552
-8.555
-10.558
-10.561
-8.564
-10.567
-10.57
-10.573
-8.576
-8.579
-8.582
-8.585
-8.588000000000001
-8.591000000000001
-10.594
-10.597
-8.6
-10.603
-10.606
-10.609
-8.612
-8.615
-8.618
-8.621
-8.624
-8.627
-10.63
-10.633000000000001
-8.636000000000001
-10.639
-10.642
-10.645
-8.648
-8.651
-8.654
-8.657
-8.66
-8.663
-10.666
-10.669
-8.672
-10.675
-10.678
-10.681000000000001
-8.684000000000001
-8.687
-8.69
-8.693
-8.696
-8.699
-10.702
-10.705
-8.708
-10.711
-10.714
-10.717
-8.72
-8.723
-8.726
-8.729000000000001
-8.732
-8.735
-10.738
-10.741
-8.744
-10.747
-10.75
-10.753
-8.756
-8.759
-8.762
-8.765
-8.768
-8.771
-10.774000000000001
-10.777000000000001
-8.78
-10.783
-10.786
-10.789
-8.792
-8.795
-8.798
-8.801
-8.804
-8.807
-10.81
-10.813
-8.816
-10.819
-10.822000000000001
-10.825000000000001
-8.828
-8.831
-8.834
-8.837
-8.84
-8.843
-10.846
-10.849
-8.852
-10.855
-10.858
-10.861
-8.864
-8.867
-8.870000000000001
-8.873
-8.876
-8.879
-10.882
-10.885
-8.888
-10.891
-10.894
-10.897
-8.9
-8.903
-8.906
-8.909
-8.912
-8.915000000000001
-10.918000000000001
-10.921
-8.924
-10.927
-10.93
-10.933
-8.936
-8.939
-8.942
-8.945
-8.948
-8.951
-10.954
-10.957
-8.96
-10.963000000000001
-10.966000000000001
-10.969
-8.972
-8.975
-8.978
-8.981
-8.984
-8.987
-10.99
-10.993
-8.996
-10.999
-11.002
-11.005
-9.008000000000001
-9.011000000000001
-9.014
-9.017
-9.02
-9.023
-11.026
-11.029
-9.032
-11.035
-11.038
-11.041
-9.044
-9.047
-9.05
-9.053
-9.056000000000001
-9.059000000000001
-11.062
-11.065
-9.068
-11.071
-11.074
-11.077
-9.08
-9.083
-9.086
-9.089
-9.092
-9.095
-11.098
-11.101
-9.104000000000001
-11.107000000000001
-11.11
-11.113
-9.116
-9.119
-9.122
-9.125
-9.128
-9.131
-11.134
-11.137
-9.14
-11.143
-11.146
-11.149000000000001
-9.152000000000001
-9.155
-9.158
-9.161
-9.164
-9.167
-11.17
-11.173
-9.176
-11.179
-11.182
-11.185
-9.188
-9.191
-9.194
-9.197000000000001
-9.200000000000001
-9.203
-11.206
-11.209
-9.212
-11.215
-11.218
-11.221
-9.224
-9.227
-9.23
-9.233
-9.236
-9.239
-11.242
-11.245000000000001
-9.248
-11.251
-11.254
-11.257
-9.26
-9.263
-9.266
-9.269
-9.272
-9.275
-11.278
-11.281
-9.284
-11.287
-11.290000000000001
-11.293000000000001
-9.296
-9.299
-9.302
-9.305
-9.308
-9.311
-11.314
-11.317
-9.32
-11.323
-11.326
-11.329
-9.332
-9.335
-9.338000000000001
-9.341000000000001
-9.344
-9.347
-11.35
-11.353
-9.356
-11.359
-11.362
-11.365
-9.368
-9.371
-9.374
-9.377
-9.38
-9.383000000000001
-11.386000000000001
-11.389
-9.392
-11.395
-11.398
-11.401
-9.404
-9.407
-9.41
-9.413
-9.416
-9.419
-11.422
-11.425
-9.428
-11.431000000000001
-11.434000000000001
-11.437
-9.44
-9.443
-9.446
-9.449
-9.452
-9.455
-11.458
-11.461
-9.464
-11.467
-11.47
-11.473
-9.476
-9.479000000000001
-9.482000000000001
-9.485
-9.488
-9.491
-11.494
-11.497
-9.5
-11.503
-11.506
-11.509
-9.512
-9.515
-9.518
-9.521
-9.524000000000001
-9.527000000000001
-11.53
-11.533
-9.536
-11.539
-11.542
-11.545
-9.548
-9.551
-9.554
-9.557
-9.56
-9.563
-11.566
-11.569
-9.572000000000001
-11.575000000000001
-11.578
-11.581
-9.584
-9.587
-9.59
-9.593
-9.596
-9.599
-11.602
-11.605
-9.608
-11.611
-11.614
-11.617
-9.620000000000001
-9.623000000000001
-9.626
-9.629
-9.632
-9.635
-11.638
-11.641
-9.644
-11.647
-11.65
-11.653
-9.656
-9.659
-9.662
-9.665000000000001
-9.668000000000001
-9.671
-11.674
-11.677
-9.68
-11.683
-11.686
-11.689
-9.692
-9.695
-9.698
-9.701
-9.704
-9.707
-11.71
-11.713000000000001
-9.716000000000001
-11.719
-11.722
-11.725
-9.728
-9.731
-9.734
-9.737
-9.74
-9.743
-11.746
-11.749
-9.752
-11.755
-11.758000000000001
-11.761000000000001
-9.764
-9.767
-9.77
-9.773
-9.776
-9.779
-11.782
-11.785
-9.788
-11.791
-11.794
-11.797
-9.8
-9.803
-9.806000000000001
-9.809000000000001
-9.812
-9.815
-11.818
-11.821
-9.824
-11.827
-11.83
-11.833
-9.836
-9.839
-9.842
-9.845
-9.848
-9.851
-11.854000000000001
-11.857000000000001
-9.86
-11.863
-11.866
-11.869
-9.872
-9.875
-9.878
-9.881
-9.884
-9.887
-11.89
-11.893
-9.896
-11.899000000000001
-11.902000000000001
-11.905
-9.908
-9.911
-9.914
-9.917
-9.92
-9.923
-11.926
-11.929
-9.932
-11.935
-11.938
-11.941
-9.944
-9.947000000000001
-9.950000000000001
-9.953
-9.956
-9.959
-11.962
-11.965
-9.968
-11.971
-11.974
-11.977
-9.98
-9.983
-9.986
-9.989
-9.992
-9.995000000000001
-11.998000000000001
-12.001
-10.004
-12.007
-12.01
-12.013
-10.016
-10.019
-10.022
-10.025
-10.028
-10.031
-12.034
-12.037
-10.040000000000001
-12.043000000000001
-12.046
-12.049
-10.052
-10.055
-10.058
-10.061
-10.064
-10.067
-12.07
-12.073
-10.076
-12.079
-12.082
-12.085
-10.088000000000001
-10.091000000000001
-10.094
-10.097
-10.1
-10.103
-12.106
-12.109
-10.112
-12.115
-12.118
-12.121
-10.124
-10.127
-10.13
-10.133000000000001
-10.136000000000001
-10.139
-12.142
-12.145
-10.148
-12.151
-12.154
-12.157
-10.16
-10.163
-10.166
-10.169
-10.172
-10.175
-12.178
-12.181000000000001
-10.184000000000001
-12.187
-12.19
-12.193
-10.196
-10.199
-10.202
-10.205
-10.208
-10.211
-12.214
-12.217
-10.22
-12.223
-12.226
-12.229000000000001
-10.232000000000001
-10.235
-10.238
-10.241
-10.244
-10.247
-12.25
-12.253
-10.256
-12.259
-12.262
-12.265
-10.268
-10.271
-10.274000000000001
-10.277000000000001
-10.28
-10.283
-12.286
-12.289
-10.292
-12.295
-12.298
-12.301
-10.304
-10.307
-10.31
-10.313
-10.316
-10.319
-12.322000000000001
-12.325000000000001
-10.328
-12.331
-12.334
-12.337
-10.34
-10.343
-10.346
-10.349
-10.352
-10.355
-12.358
-12.361
-10.364
-12.367
-12.370000000000001
-12.373000000000001
-10.376
-10.379
-10.382
-10.385
-10.388
-10.391
-12.394
-12.397
-10.4
-12.403
-12.406
-12.409
-10.412
-10.415000000000001
-10.418000000000001
-10.421
-10.424
-10.427
-12.43
-12.433
-10.436
-12.439
-12.442
-12.445
-10.448
-10.451
-10.454
-10.457
-10.46
-10.463000000000001
-12.466000000000001
-12.469
-10.472
-12.475
-12.478
-12.481
-10.484
-10.487
-10.49
-10.493
-10.496
-10.499
-12.502
-12.505
-10.508000000000001
-12.511000000000001
-12.514000000000001
-12.517
-10.52
-10.523
-10.526
-10.529
-10.532
-10.535
-12.538
-12.541
-10.544
-12.547
-12.55
-12.553
-10.556000000000001
-10.559000000000001
-10.562
-10.565
-10.568
-10.571
-12.574
-12.577
-10.58
-12.583
-12.586
-12.589
-10.592
-10.595
-10.598
-10.601
-10.604000000000001
-10.607000000000001
-12.61
-12.613
-10.616
-12.619
-12.622
-12.625
-10.628
-10.631
-10.634
-10.637
-10.64
-10.643
-12.646
-12.649000000000001
-10.652000000000001
-12.655
-12.658
-12.661
-10.664
-10.667
-10.67
-10.673
-10.676
-10.679
-12.682
-12.685
-10.688
-12.691
-12.694
-12.697000000000001
-10.700000000000001
-10.703
-10.706
-10.709
-10.712
-10.715
-12.718
-12.721
-10.724
-12.727
-12.73
-12.733
-10.736
-10.739
-10.742
-10.745000000000001
-10.748000000000001
-10.751
-12.754
-12.757
-10.76
-12.763
-12.766
-12.769
-10.772
-10.775
-10.778
-10.781
-10.784
-10.787
-12.790000000000001
-12.793000000000001
-10.796
-12.799
-12.802
-12.805
-10.808
-10.811
-10.814
-10.817
-10.82
-10.823
-12.826
-12.829
-10.832
-12.835
-12.838000000000001
-12.841000000000001
-10.844
-10.847
-10.85
-10.853
-10.856
-10.859
-12.862
-12.865
-10.868
-12.871
-12.874
-12.877
-10.88
-10.883000000000001
-10.886000000000001
-10.889000000000001
-10.892
-10.895
-12.898
-12.901
-10.904
-12.907
-12.91
-12.913
-10.916
-10.919
-10.922
-10.925
-10.928
-10.931000000000001
-12.934000000000001
-12.937
-10.94
-12.943
-12.946
-12.949
-10.952
-10.955
-10.958
-10.961
-10.964
-10.967
-12.97
-12.973
-10.976
-12.979000000000001
-12.982000000000001
-12.985
-10.988
-10.991
-10.994
-10.997
-11.0
-11.003
-13.006
-13.009
-11.012
-13.015
-13.018
-13.021
-11.024000000000001
-11.027000000000001
-11.030000000000001
-11.033
-11.036
-11.039
-13.042
-13.045
-11.048
-13.051
-13.054
-13.057
-11.06
-11.063
-11.066
-11.069
-11.072000000000001
-11.075000000000001
-13.078
-13.081
-11.084
-13.087
-13.09
-13.093
-11.096
-11.099
-11.102
-11.105
-11.108
-11.111
-13.114
-13.117
-11.120000000000001
-13.123000000000001
-13.126
-13.129
-11.132
-11.135
-11.138
-11.141
-11.144
-11.147
-13.15
-13.153
-11.156
-13.159
-13.162
-13.165000000000001
-11.168000000000001
-11.171
-11.174
-11.177
-11.18
-11.183
-13.186
-13.189
-11.192
-13.195
-13.198
-13.201
-11.204
-11.207
-11.21
-11.213000000000001
-11.216000000000001
-11.219
-13.222
-13.225
-11.228
-13.231
-13.234
-13.237
-11.24
-11.243
-11.246
-11.249
-11.252
-11.255
-13.258000000000001
-13.261000000000001
-11.264000000000001
-13.267
-13.27
-13.273
-11.276
-11.279
-11.282
-11.285
-11.288
-11.291
-13.294
-13.297
-11.3
-13.303
-13.306000000000001
-13.309000000000001
-11.312
-11.315
-11.318
-11.321
-11.324
-11.327
-13.33
-13.333
-11.336
-13.339
-13.342
-13.345
-11.348
-11.351
-11.354000000000001
-11.357000000000001
-11.36
-11.363
-13.366
-13.369
-11.372
-13.375
-13.378
-13.381
-11.384
-11.387
-11.39
-11.393
-11.396
-11.399000000000001
-13.402000000000001
-13.405000000000001
-11.408
-13.411
-13.414
-13.417
-11.42
-11.423
-11.426
-11.429
-11.432
-11.435
-13.438
-13.441
-11.444
-13.447000000000001
-13.450000000000001
-13.453
-11.456
-11.459
-11.462
-11.465
-11.468
-11.471
-13.474
-13.477
-11.48
-13.483
-13.486
-13.489
-11.492
-11.495000000000001
-11.498000000000001
-11.501
-11.504
-11.507
-13.51
-13.513
-11.516
-13.519
-13.522
-13.525
-11.528
-11.531
-11.534
-11.537
-11.540000000000001
-11.543000000000001
-13.546
-13.549
-11.552
-13.555
-13.558
-13.561
-11.564
-11.567
-11.57
-11.573
-11.576
-11.579
-13.582
-13.585
-11.588000000000001
-13.591000000000001
-13.594
-13.597
-11.6
-11.603
-11.606
-11.609
-11.612
-11.615
-13.618
-13.621
-11.624
-13.627
-13.63
-13.633000000000001
-11.636000000000001
-11.639000000000001
-11.642
-11.645
-11.648
-11.651
-13.654
-13.657
-11.66
-13.663
-13.666
-13.669
-11.672
-11.675
-11.678
-11.681000000000001
-11.684000000000001
-11.687
-13.69
-13.693
-11.696
-13.699
-13.702
-13.705
-11.708
-11.711
-11.714
-11.717
-11.72
-11.723
-13.726
-13.729000000000001
-11.732000000000001
-13.735
-13.738
-13.741
-11.744
-11.747
-11.75
-11.753
-11.756
-11.759
-13.762
-13.765
-11.768
-13.771
-13.774000000000001
-13.777000000000001
-11.780000000000001
-11.783
-11.786
-11.789
-11.792
-11.795
-13.798
-13.801
-11.804
-13.807
-13.81
-13.813
-11.816
-11.819
-11.822000000000001
-11.825000000000001
-11.828
-11.831
-13.834
-13.837
-11.84
-13.843
-13.846
-13.849
-11.852
-11.855
-11.858
-11.861
-11.864
-11.867
-13.870000000000001
-13.873000000000001
-11.876
-13.879
-13.882
-13.885
-11.888
-11.891
-11.894
-11.897
-11.9
-11.903
-13.906
-13.909
-11.912
-13.915000000000001
-13.918000000000001
-13.921000000000001
-11.924
-11.927
-11.93
-11.933
-11.936
-11.939
-13.942
-13.945
-11.948
-13.951
-13.954
-13.957
-11.96
-11.963000000000001
-11.966000000000001
-11.969
-11.972
-11.975
-13.978
-13.981
-11.984
-13.987
-13.99
-13.993
-11.996
-11.999
-12.002
-12.005
-12.008000000000001
-12.011000000000001
-14.014000000000001
-14.017
-12.02
-14.023
-14.026
-14.029
-12.032
-12.035
-12.038
-12.041
-12.044
-12.047
-14.05
-14.053
-12.056000000000001
-14.059000000000001
-14.062
-14.065
-12.068
-12.071
-12.074
-12.077
-12.08
-12.083
-14.086
-14.089
-12.092
-14.095
-14.098
-14.101
-12.104000000000001
-12.107000000000001
-12.11
-12.113
-12.116
-12.119
-14.122
-14.125
-12.128
-14.131
-14.134
-14.137
-12.14
-12.143
-12.146
-12.149000000000001
-12.152000000000001
-12.155000000000001
-14.158
-14.161
-12.164
-14.167
-14.17
-14.173
-12.176
-12.179
-12.182
-12.185
-12.188
-12.191
-14.194
-14.197000000000001
-12.200000000000001
-14.203
-14.206
-14.209
-12.212
-12.215
-12.218
-12.221
-12.224
-12.227
-14.23
-14.233
-12.236
-14.239
-14.242
-14.245000000000001
-12.248000000000001
-12.251
-12.254
-12.257
-12.26
-12.263
-14.266
-14.269
-12.272
-14.275
-14.278
-14.281
-12.284
-12.287
-12.290000000000001
-12.293000000000001
-12.296000000000001
-12.299
-14.302
-14.305
-12.308
-14.311
-14.314
-14.317
-12.32
-12.323
-12.326
-12.329
-12.332
-12.335
-14.338000000000001
-14.341000000000001
-12.344
-14.347
-14.35
-14.353
-12.356
-12.359
-12.362
-12.365
-12.368
-12.371
-14.374
-14.377
-12.38
-14.383000000000001
-14.386000000000001
-14.389000000000001
-12.392
-12.395
-12.398
-12.401
-12.404
-12.407
-14.41
-14.413
-12.416
-14.419
-14.422
-14.425
-12.428
-12.431000000000001
-12.434000000000001
-12.437000000000001
-12.44
-12.443
-14.446
-14.449
-12.452
-14.455
-14.458
-14.461
-12.464
-12.467
-12.47
-12.473
-12.476
-12.479000000000001
-14.482000000000001
-14.485
-12.488
-14.491
-14.494
-14.497
-12.5
-12.503
-12.506
-12.509
-12.512
-12.515
-14.518
-14.521
-12.524000000000001
-14.527000000000001
-14.530000000000001
-14.533
-12.536
-12.539
-12.542
-12.545
-12.548
-12.551
-14.554
-14.557
-12.56
-14.563
-14.566
-14.569
-12.572000000000001
-12.575000000000001
-12.578
-12.581
-12.584
-12.587
-14.59
-14.593
-12.596
-14.599
-14.602
-14.605
-12.608
-12.611
-12.614
-12.617
-12.620000000000001
-12.623000000000001
-14.626
-14.629
-12.632
-14.635
-14.638
-14.641
-12.644
-12.647
-12.65
-12.653
-12.656
-12.659
-14.662
-14.665000000000001
-12.668000000000001
-14.671000000000001
-14.674
-14.677
-12.68
-12.683
-12.686
-12.689
-12.692
-12.695
-14.698
-14.701
-12.704
-14.707
-14.71
-14.713000000000001
-12.716000000000001
-12.719
-12.722
-12.725
-12.728
-12.731
-14.734
-14.737
-12.74
-14.743
-14.746
-14.749
-12.752
-12.755
-12.758000000000001
-12.761000000000001
-12.764000000000001
-12.767
-14.77
-14.773
-12.776
-14.779
-14.782
-14.785
-12.788
-12.791
-12.794
-12.797
-12.8
-12.803
-14.806000000000001
-14.809000000000001
-12.812000000000001
-14.815
-14.818
-14.821
-12.824
-12.827
-12.83
-12.833
-12.836
-12.839
-14.842
-14.845
-12.848
-14.851
-14.854000000000001
-14.857000000000001
-12.86
-12.863
-12.866
-12.869
-12.872
-12.875
-14.878
-14.881
-12.884
-14.887
-14.89
-14.893
-12.896
-12.899000000000001
-12.902000000000001
-12.905000000000001
-12.908
-12.911
-14.914
-14.917
-12.92
-14.923
-14.926
-14.929
-12.932
-12.935
-12.938
-12.941
-12.944
-12.947000000000001
-14.950000000000001
-14.953
-12.956
-14.959
-14.962
-14.965
-12.968
-12.971
-12.974
-12.977
-12.98
-12.983
-14.986
-14.989
-12.992
-14.995000000000001
-14.998000000000001
-15.001
-13.004
-13.007
-13.01
-13.013
-13.016
-13.019
-15.022
-15.025
-13.028
-15.031
-15.034
-15.037
-13.040000000000001
-13.043000000000001
-13.046000000000001
-13.049
-13.052
-13.055
-15.058
-15.061
-13.064
-15.067
-15.07
-15.073
-13.076
-13.079
-13.082
-13.085
-13.088000000000001
-13.091000000000001
-15.094
-15.097
-13.1
-15.103
-15.106
-15.109
-13.112
-13.115
-13.118
-13.121
-13.124
-13.127
-15.13
-15.133000000000001
-13.136000000000001
-15.139000000000001
-15.142
-15.145
-13.148
-13.151
-13.154
-13.157
-13.16
-13.163
-15.166
-15.169
-13.172
-15.175
-15.178
-15.181000000000001
-13.184000000000001
-13.187000000000001
-13.19
-13.193
-13.196
-13.199
-15.202
-15.205
-13.208
-15.211
-15.214
-15.217
-13.22
-13.223
-13.226
-13.229000000000001
-13.232000000000001
-13.235
-15.238
-15.241
-13.244
-15.247
-15.25
-15.253
-13.256
-13.259
-13.262
-13.265
-13.268
-13.271
-15.274000000000001
-15.277000000000001
-13.280000000000001
-15.283
-15.286
-15.289
-13.292
-13.295
-13.298
-13.301
-13.304
-13.307
-15.31
-15.313
-13.316
-15.319
-15.322000000000001
-15.325000000000001
-13.328000000000001
-13.331
-13.334
-13.337
-13.34
-13.343
-15.346
-15.349
-13.352
-15.355
-15.358
-15.361
-13.364
-13.367
-13.370000000000001
-13.373000000000001
-13.376
-13.379
-15.382
-15.385
-13.388
-15.391
-15.394
-15.397
-13.4
-13.403
-13.406
-13.409
-13.412
-13.415000000000001
-15.418000000000001
-15.421000000000001
-13.424
-15.427
-15.43
-15.433
-13.436
-13.439
-13.442
-13.445
-13.448
-13.451
-15.454
-15.457
-13.46
-15.463000000000001
-15.466000000000001
-15.469
-13.472
-13.475
-13.478
-13.481
-13.484
-13.487
-15.49
-15.493
-13.496
-15.499
-15.502
-15.505
-13.508000000000001
-13.511000000000001
-13.514000000000001
-13.517
-13.52
-13.523
-15.526
-15.529
-13.532
-15.535
-15.538
-15.541
-13.544
-13.547
-13.55
-13.553
-13.556000000000001
-13.559000000000001
-15.562000000000001
-15.565
-13.568
-15.571
-15.574
-15.577
-13.58
-13.583
-13.586
-13.589
-13.592
-13.595
-15.598
-15.601
-13.604000000000001
-15.607000000000001
-15.61
-15.613
-13.616
-13.619
-13.622
-13.625
-13.628
-13.631
-15.634
-15.637
-13.64
-15.643
-15.646
-15.649000000000001
-13.652000000000001
-13.655000000000001
-13.658
-13.661
-13.664
-13.667
-15.67
-15.673
-13.676
-15.679
-15.682
-15.685
-13.688
-13.691
-13.694
-13.697000000000001
-13.700000000000001
-13.703000000000001
-15.706
-15.709
-13.712
-15.715
-15.718
-15.721
-13.724
-13.727
-13.73
-13.733
-13.736
-13.739
-15.742
-15.745000000000001
-13.748000000000001
-15.751
-15.754
-15.757
-13.76
-13.763
-13.766
-13.769
-13.772
-13.775
-15.778
-15.781
-13.784
-15.787
-15.790000000000001
-15.793000000000001
-13.796000000000001
-13.799
-13.802
-13.805
-13.808
-13.811
-15.814
-15.817
-13.82
-15.823
-15.826
-15.829
-13.832
-13.835
-13.838000000000001
-13.841000000000001
-13.844000000000001
-13.847
-15.85
-15.853
-13.856
-15.859
-15.862
-15.865
-13.868
-13.871
-13.874
-13.877
-13.88
-13.883000000000001
-15.886000000000001
-15.889000000000001
-13.892
-15.895
-15.898
-15.901
-13.904
-13.907
-13.91
-13.913
-13.916
-13.919
-15.922
-15.925
-13.928
-15.931000000000001
-15.934000000000001
-15.937000000000001
-13.94
-13.943
-13.946
-13.949
-13.952
-13.955
-15.958
-15.961
-13.964
-15.967
-15.97
-15.973
-13.976
-13.979000000000001
-13.982000000000001
-13.985
-13.988
-13.991
-15.994
-15.997
-14.0
-16.003
-16.006
-16.009
-14.012
-14.015
-14.018
-14.021
-14.024000000000001
-14.027000000000001
-16.03
-16.033
-14.036
-16.039
-16.042
-16.045
-14.048
-14.051
-14.054
-14.057
-14.06
-14.063
-16.066000000000003
-16.069000000000003
-14.072000000000001
-16.075000000000003
-16.078000000000003
-16.081
-14.084
-14.087
-14.09
-14.093
-14.096
-14.099
-16.102
-16.105
-14.108
-16.111
-16.114
-16.117
-14.120000000000001
-14.123000000000001
-14.126
-14.129
-14.132
-14.135
-16.137999999999998
-16.141
-14.144
-16.147
-16.15
-16.153
-14.156
-14.159
-14.162
-14.165000000000001
-14.168000000000001
-14.171000000000001
-16.174
-16.177
-14.18
-16.183
-16.186
-16.189
-14.192
-14.195
-14.198
-14.201
-14.204
-14.207
-16.21
-16.213
-14.216000000000001
-16.219
-16.222
-16.225
-14.228
-14.231
-14.234
-14.237
-14.24
-14.243
-16.246000000000002
-16.249000000000002
-14.252
-16.255000000000003
-16.258000000000003
-16.261000000000003
-14.264000000000001
-14.267
-14.27
-14.273
-14.276
-14.279
-16.282
-16.285
-14.288
-16.291
-16.294
-16.297
-14.3
-14.303
-14.306000000000001
-14.309000000000001
-14.312000000000001
-14.315
-16.317999999999998
-16.320999999999998
-14.324
-16.326999999999998
-16.33
-16.333
-14.336
-14.339
-14.342
-14.345
-14.348
-14.351
-16.354
-16.357
-14.36
-16.363
-16.366
-16.369
-14.372
-14.375
-14.378
-14.381
-14.384
-14.387
-16.39
-16.393
-14.396
-16.399
-16.402
-16.405
-14.408
-14.411
-14.414
-14.417
-14.42
-14.423
-16.426000000000002
-16.429000000000002
-14.432
-16.435000000000002
-16.438000000000002
-16.441000000000003
-14.444
-14.447000000000001
-14.450000000000001
-14.453000000000001
-14.456
-14.459
-16.462
-16.465
-14.468
-16.471
-16.474
-16.477
-14.48
-14.483
-14.486
-14.489
-14.492
-14.495000000000001
-16.498
-16.500999999999998
-14.504
-16.506999999999998
-16.509999999999998
-16.512999999999998
-14.516
-14.519
-14.522
-14.525
-14.528
-14.531
-16.534
-16.537
-14.540000000000001
-16.543
-16.546
-16.549
-14.552
-14.555
-14.558
-14.561
-14.564
-14.567
-16.57
-16.573
-14.576
-16.579
-16.582
-16.585
-14.588000000000001
-14.591000000000001
-14.594000000000001
-14.597
-14.6
-14.603
-16.606
-16.609
-14.612
-16.615000000000002
-16.618000000000002
-16.621000000000002
-14.624
-14.627
-14.63
-14.633000000000001
-14.636000000000001
-14.639000000000001
-16.642
-16.645
-14.648
-16.651
-16.654
-16.657
-14.66
-14.663
-14.666
-14.669
-14.672
-14.675
-16.678
-16.681
-14.684000000000001
-16.687
-16.689999999999998
-16.692999999999998
-14.696
-14.699
-14.702
-14.705
-14.708
-14.711
-16.714
-16.717
-14.72
-16.723
-16.726
-16.729
-14.732000000000001
-14.735000000000001
-14.738
-14.741
-14.744
-14.747
-16.75
-16.753
-14.756
-16.759
-16.762
-16.765
-14.768
-14.771
-14.774000000000001
-14.777000000000001
-14.780000000000001
-14.783
-16.786
-16.789
-14.792
-16.795
-16.798000000000002
-16.801000000000002
-14.804
-14.807
-14.81
-14.813
-14.816
-14.819
-16.822000000000003
-16.825000000000003
-14.828000000000001
-16.831
-16.834
-16.837
-14.84
-14.843
-14.846
-14.849
-14.852
-14.855
-16.858
-16.861
-14.864
-16.867
-16.87
-16.873
-14.876
-14.879
-14.882
-14.885
-14.888
-14.891
-16.894
-16.897
-14.9
-16.903
-16.906
-16.909
-14.912
-14.915000000000001
-14.918000000000001
-14.921000000000001
-14.924
-14.927
-16.93
-16.933
-14.936
-16.939
-16.942
-16.945
-14.948
-14.951
-14.954
-14.957
-14.96
-14.963000000000001
-16.966
-16.969
-14.972
-16.975
-16.978
-16.981
-14.984
-14.987
-14.99
-14.993
-14.996
-14.999
-17.002
-17.005
-15.008
-17.011
-17.014
-17.017
-15.02
-15.023
-15.026
-15.029
-15.032
-15.035
-17.038
-17.041
-15.044
-17.047
-17.05
-17.053
-15.056000000000001
-15.059000000000001
-15.062000000000001
-15.065000000000001
-15.068000000000001
-15.071000000000002
-17.074
-17.077
-15.080000000000002
-17.083000000000002
-17.086000000000002
-17.089
-15.091999999999999
-15.094999999999999
-15.097999999999999
-15.100999999999999
-15.104
-15.107
-17.11
-17.113
-15.116
-17.119
-17.122
-17.125
-15.128
-15.131
-15.134
-15.137
-15.14
-15.143
-17.146
-17.149
-15.152000000000001
-17.155
-17.158
-17.161
-15.164000000000001
-15.167000000000002
-15.170000000000002
-15.173000000000002
-15.176000000000002
-15.179000000000002
-17.182
-17.185
-15.187999999999999
-17.191
-17.194
-17.197
-15.2
-15.203
-15.206
-15.209
-15.212
-15.215
-17.218
-17.221
-15.224
-17.227
-17.23
-17.233
-15.236
-15.239
-15.242
-15.245000000000001
-15.248000000000001
-15.251000000000001
-17.254
-17.257
-15.260000000000002
-17.263
-17.266000000000002
-17.269000000000002
-15.272000000000002
-15.274999999999999
-15.277999999999999
-15.280999999999999
-15.283999999999999
-15.286999999999999
-17.29
-17.293
-15.296
-17.299
-17.302
-17.305
-15.308
-15.311
-15.314
-15.317
-15.32
-15.323
-17.326
-17.329
-15.332
-17.335
-17.338
-17.341
-15.344000000000001
-15.347000000000001
-15.350000000000001
-15.353000000000002
-15.356000000000002
-15.359000000000002
-17.362000000000002
-17.365000000000002
-15.368000000000002
-17.371
-17.374
-17.377
-15.379999999999999
-15.383
-15.386
-15.389
-15.392
-15.395
-17.398
-17.401
-15.404
-17.407
-17.41
-17.413
-15.416
-15.419
-15.422
-15.425
-15.428
-15.431000000000001
-17.434
-17.437
-15.440000000000001
-17.443
-17.446
-17.449
-15.452000000000002
-15.455000000000002
-15.458000000000002
-15.461000000000002
-15.463999999999999
-15.466999999999999
-17.47
-17.473
-15.475999999999999
-17.479
-17.482
-17.485
-15.488
-15.491
-15.494
-15.497
-15.5
-15.503
-17.506
-17.509
-15.512
-17.515
-17.518
-17.521
-15.524000000000001
-15.527000000000001
-15.530000000000001
-15.533000000000001
-15.536000000000001
-15.539000000000001
-17.542
-17.545
-15.548000000000002
-17.551000000000002
-17.554000000000002
-17.557
-15.559999999999999
-15.562999999999999
-15.565999999999999
-15.568999999999999
-15.572
-15.575
-17.578
-17.581
-15.584
-17.587
-17.59
-17.593
-15.596
-15.599
-15.602
-15.605
-15.608
-15.611
-17.614
-17.617
-15.620000000000001
-17.623
-17.626
-17.629
-15.632000000000001
-15.635000000000002
-15.638000000000002
-15.641000000000002
-15.644000000000002
-15.647000000000002
-17.65
-17.653
-15.655999999999999
-17.659
-17.662
-17.665
-15.668
-15.671
-15.674
-15.677
-15.68
-15.683
-17.686
-17.689
-15.692
-17.695
-17.698
-17.701
-15.704
-15.707
-15.71
-15.713000000000001
-15.716000000000001
-15.719000000000001
-17.722
-17.725
-15.728000000000002
-17.731
-17.734
-17.737000000000002
-15.740000000000002
-15.743000000000002
-15.745999999999999
-15.748999999999999
-15.751999999999999
-15.754999999999999
-17.758
-17.761
-15.764
-17.767
-17.77
-17.773
-15.776
-15.779
-15.782
-15.785
-15.788
-15.791
-17.794
-17.797
-15.8
-17.803
-17.806
-17.809
-15.812000000000001
-15.815000000000001
-15.818000000000001
-15.821000000000002
-15.824000000000002
-15.827000000000002
-17.830000000000002
-17.833000000000002
-15.836000000000002
-17.839
-17.842
-17.845
-15.847999999999999
-15.850999999999999
-15.854
-15.857
-15.86
-15.863
-17.866
-17.869
-15.872
-17.875
-17.878
-17.881
-15.884
-15.887
-15.89
-15.893
-15.896
-15.899000000000001
-17.902
-17.905
-15.908000000000001
-17.911
-17.914
-17.917
-15.920000000000002
-15.923000000000002
-15.926000000000002
-15.929000000000002
-15.931999999999999
-15.934999999999999
-17.938
-17.941
-15.943999999999999
-17.947
-17.95
-17.953
-15.956
-15.959
-15.962
-15.965
-15.968
-15.971
-17.974
-17.977
-15.98
-17.983
-17.986
-17.989
-15.992
-15.995000000000001
-15.998000000000001
-16.001
-16.004
-16.007
-18.01
-18.013
-16.016000000000002
-18.019000000000002
-18.022000000000002
-18.025
-16.028
-16.031
-16.034
-16.037
-16.04
-16.043
-18.046
-18.049
-16.052
-18.055
-18.058
-18.061
-16.064
-16.067
-16.07
-16.073
-16.076
-16.079
-18.082
-18.085
-16.088
-18.091
-18.094
-18.097
-16.1
-16.103
-16.106
-16.109
-16.112000000000002
-16.115000000000002
-18.118000000000002
-18.121
-16.124
-18.127
-18.13
-18.133
-16.136
-16.139
-16.142
-16.145
-16.148
-16.151
-18.154
-18.157
-16.16
-18.163
-18.166
-18.169
-16.172
-16.175
-16.178
-16.181
-16.184
-16.187
-18.19
-18.193
-16.196
-18.199
-18.202
-18.205000000000002
-16.208000000000002
-16.211000000000002
-16.214
-16.217
-16.22
-16.223
-18.226
-18.229
-16.232
-18.235
-18.238
-18.241
-16.244
-16.247
-16.25
-16.253
-16.256
-16.259
-18.262
-18.265
-16.268
-18.271
-18.274
-18.277
-16.28
-16.283
-16.286
-16.289
-16.292
-16.295
-18.298000000000002
-18.301000000000002
-16.304000000000002
-18.307
-18.31
-18.313
-16.316
-16.319
-16.322
-16.325
-16.328
-16.331
-18.334
-18.337
-16.34
-18.343
-18.346
-18.349
-16.352
-16.355
-16.358
-16.361
-16.364
-16.367
-18.37
-18.373
-16.376
-18.379
-18.382
-18.385
-16.388
-16.391000000000002
-16.394000000000002
-16.397000000000002
-16.400000000000002
-16.403
-18.406
-18.409
-16.412
-18.415
-18.418
-18.421
-16.424
-16.427
-16.43
-16.433
-16.436
-16.439
-18.442
-18.445
-16.448
-18.451
-18.454
-18.457
-16.46
-16.463
-16.466
-16.469
-16.472
-16.475
-18.478
-18.481
-16.484
-18.487000000000002
-18.490000000000002
-18.493000000000002
-16.496
-16.499
-16.502
-16.505
-16.508
-16.511
-18.514
-18.517
-16.52
-18.523
-18.526
-18.529
-16.532
-16.535
-16.538
-16.541
-16.544
-16.547
-18.55
-18.553
-16.556
-18.559
-18.562
-18.565
-16.568
-16.571
-16.574
-16.577
-16.580000000000002
-16.583000000000002
-18.586000000000002
-18.589
-16.592
-18.595
-18.598
-18.601
-16.604
-16.607
-16.61
-16.613
-16.616
-16.619
-18.622
-18.625
-16.628
-18.631
-18.634
-18.637
-16.64
-16.643
-16.646
-16.649
-16.652
-16.655
-18.658
-18.661
-16.664
-18.667
-18.67
-18.673000000000002
-16.676000000000002
-16.679000000000002
-16.682
-16.685
-16.688
-16.691
-18.694
-18.697
-16.7
-18.703
-18.706
-18.709
-16.712
-16.715
-16.718
-16.721
-16.724
-16.727
-18.73
-18.733
-16.736
-18.739
-18.742
-18.745
-16.748
-16.751
-16.754
-16.757
-16.76
-16.763
-18.766000000000002
-18.769000000000002
-16.772000000000002
-18.775000000000002
-18.778
-18.781
-16.784
-16.787
-16.79
-16.793
-16.796
-16.799
-18.802
-18.805
-16.808
-18.811
-18.814
-18.817
-16.82
-16.823
-16.826
-16.829
-16.832
-16.835
-18.838
-18.841
-16.844
-18.847
-18.85
-18.853
-16.856
-16.859
-16.862000000000002
-16.865000000000002
-16.868000000000002
-16.871
-18.874
-18.877
-16.88
-18.883
-18.886
-18.889
-16.892
-16.895
-16.898
-16.901
-16.904
-16.907
-18.91
-18.913
-16.916
-18.919
-18.922
-18.925
-16.928
-16.931
-16.934
-16.937
-16.94
-16.943
-18.946
-18.949
-16.952
-18.955000000000002
-18.958000000000002
-18.961000000000002
-16.964
-16.967
-16.97
-16.973
-16.976
-16.979
-18.982
-18.985
-16.988
-18.991
-18.994
-18.997
-17.0
-17.003
-17.006
-17.009
-17.012
-17.015
-19.018
-19.021
-17.024
-19.027
-19.03
-19.033
-17.036
-17.039
-17.042
-17.045
-17.048000000000002
-17.051000000000002
-19.054000000000002
-19.057
-17.06
-19.063
-19.066
-19.069
-17.072
-17.075
-17.078
-17.081
-17.084
-17.087
-19.09
-19.093
-17.096
-19.099
-19.102
-19.105
-17.108
-17.111
-17.114
-17.117
-17.12
-17.123
-19.126
-19.129
-17.132
-19.135
-19.138
-19.141000000000002
-17.144000000000002
-17.147000000000002
-17.150000000000002
-17.153
-17.156
-17.159
-19.162
-19.165
-17.168
-19.171
-19.174
-19.177
-17.18
-17.183
-17.186
-17.189
-17.192
-17.195
-19.198
-19.201
-17.204
-19.207
-19.21
-19.213
-17.216
-17.219
-17.222
-17.225
-17.228
-17.231
-19.234
-19.237000000000002
-17.240000000000002
-19.243000000000002
-19.246
-19.249
-17.252
-17.255
-17.258
-17.261
-17.264
-17.267
-19.27
-19.273
-17.276
-19.279
-19.282
-19.285
-17.288
-17.291
-17.294
-17.297
-17.3
-17.303
-19.306
-19.309
-17.312
-19.315
-19.318
-19.321
-17.324
-17.327
-17.330000000000002
-17.333000000000002
-17.336000000000002
-17.339
-19.342
-19.345
-17.348
-19.351
-19.354
-19.357
-17.36
-17.363
-17.366
-17.369
-17.372
-17.375
-19.378
-19.381
-17.384
-19.387
-19.39
-19.393
-17.396
-17.399
-17.402
-17.405
-17.408
-17.411
-19.414
-19.417
-17.42
-19.423000000000002
-19.426000000000002
-19.429000000000002
-17.432000000000002
-17.435
-17.438
-17.441
-17.444
-17.447
-19.45
-19.453
-17.456
-19.459
-19.462
-19.465
-17.468
-17.471
-17.474
-17.477
-17.48
-17.483
-19.486
-19.489
-17.492
-19.495
-19.498
-19.501
-17.504
-17.507
-17.51
-17.513
-17.516000000000002
-17.519000000000002
-19.522000000000002
-19.525000000000002
-17.528
-19.531
-19.534
-19.537
-17.54
-17.543
-17.546
-17.549
-17.552
-17.555
-19.558
-19.561
-17.564
-19.567
-19.57
-19.573
-17.576
-17.579
-17.582
-17.585
-17.588
-17.591
-19.594
-19.597
-17.6
-19.603
-19.606
-19.609
-17.612000000000002
-17.615000000000002
-17.618000000000002
-17.621
-17.624
-17.627
-19.63
-19.633
-17.636
-19.639
-19.642
-19.645
-17.648
-17.651
-17.654
-17.657
-17.66
-17.663
-19.666
-19.669
-17.672
-19.675
-19.678
-19.681
-17.684
-17.687
-17.69
-17.693
-17.696
-17.699
-19.702
-19.705000000000002
-17.708000000000002
-19.711000000000002
-19.714
-19.717
-17.72
-17.723
-17.726
-17.729
-17.732
-17.735
-19.738
-19.741
-17.744
-19.747
-19.75
-19.753
-17.756
-17.759
-17.762
-17.765
-17.768
-17.771
-19.774
-19.777
-17.78
-19.783
-19.786
-19.789
-17.792
-17.795
-17.798000000000002
-17.801000000000002
-17.804000000000002
-17.807000000000002
-19.81
-19.813
-17.816
-19.819
-19.822
-19.825
-17.828
-17.831
-17.834
-17.837
-17.84
-17.843
-19.846
-19.849
-17.852
-19.855
-19.858
-19.861
-17.864
-17.867
-17.87
-17.873
-17.876
-17.879
-19.882
-19.885
-17.888
-19.891000000000002
-19.894000000000002
-19.897000000000002
-17.900000000000002
-17.903
-17.906
-17.909
-17.912
-17.915
-19.918
-19.921
-17.924
-19.927
-19.93
-19.933
-17.936
-17.939
-17.942
-17.945
-17.948
-17.951
-19.954
-19.957
-17.96
-19.963
-19.966
-19.969
-17.972
-17.975
-17.978
-17.981
-17.984
-17.987000000000002
-19.990000000000002
-19.993000000000002
-17.996
-19.999
-20.002
-20.005
-18.008
-18.011
-18.014
-18.017
-18.02
-18.023
-20.026
-20.029
-18.032
-20.035
-20.038
-20.041
-18.044
-18.047
-18.05
-18.053
-18.056
-18.059
-20.062
-20.065
-18.068
-20.071
-20.074
-20.077
-18.080000000000002
-18.083000000000002
-18.086000000000002
-18.089
-18.092
-18.095
-20.098
-20.101
-18.104
-20.107
-20.11
-20.113
-18.116
-18.119
-18.122
-18.125
-18.128
-18.131
-20.134
-20.137
-18.14
-20.143
-20.146
-20.149
-18.152
-18.155
-18.158
-18.161
-18.164
-18.167
-20.17
-20.173000000000002
-18.176000000000002
-20.179000000000002
-20.182000000000002
-20.185
-18.188
-18.191
-18.194
-18.197
-18.2
-18.203
-20.206
-20.209
-18.212
-20.215
-20.218
-20.221
-18.224
-18.227
-18.23
-18.233
-18.236
-18.239
-20.242
-20.245
-18.248
-20.251
-20.254
-20.257
-18.26
-18.263
-18.266000000000002
-18.269000000000002
-18.272000000000002
-18.275000000000002
-20.278
-20.281
-18.284
-20.287
-20.29
-20.293
-18.296
-18.299
-18.302
-18.305
-18.308
-18.311
-20.314
-20.317
-18.32
-20.323
-20.326
-20.329
-18.332
-18.335
-18.338
-18.341
-18.344
-18.347
-20.35
-20.353
-18.356
-20.359
-20.362000000000002
-20.365000000000002
-18.368000000000002
-18.371
-18.374
-18.377
-18.38
-18.383
-20.386
-20.389
-18.392
-20.395
-20.398
-20.401
-18.404
-18.407
-18.41
-18.413
-18.416
-18.419
-20.422
-20.425
-18.428
-20.431
-20.434
-20.437
-18.44
-18.443
-18.446
-18.449
-18.452
-18.455000000000002
-20.458000000000002
-20.461000000000002
-18.464
-20.467
-20.47
-20.473
-18.476
-18.479
-18.482
-18.485
-18.488
-18.491
-20.494
-20.497
-18.5
-20.503
-20.506
-20.509
-18.512
-18.515
-18.518
-18.521
-18.524
-18.527
-20.53
-20.533
-18.536
-20.539
-20.542
-20.545
-18.548000000000002
-18.551000000000002
-18.554000000000002
-18.557000000000002
-18.56
-18.563
-20.566
-20.569
-18.572
-20.575
-20.578
-20.581
-18.584
-18.587
-18.59
-18.593
-18.596
-18.599
-20.602
-20.605
-18.608
-20.611
-20.614
-20.617
-18.62
-18.623
-18.626
-18.629
-18.632
-18.635
-20.638
-20.641000000000002
-18.644000000000002
-20.647000000000002
-20.650000000000002
-20.653
-18.656
-18.659
-18.662
-18.665
-18.668
-18.671
-20.674
-20.677
-18.68
-20.683
-20.686
-20.689
-18.692
-18.695
-18.698
-18.701
-18.704
-18.707
-20.71
-20.713
-18.716
-20.719
-20.722
-20.725
-18.728
-18.731
-18.734
-18.737000000000002
-18.740000000000002
-18.743000000000002
-20.746
-20.749
-18.752
-20.755
-20.758
-20.761
-18.764
-18.767
-18.77
-18.773
-18.776
-18.779
-20.782
-20.785
-18.788
-20.791
-20.794
-20.797
-18.8
-18.803
-18.806
-18.809
-18.812
-18.815
-20.818
-20.821
-18.824
-20.827
-20.830000000000002
-20.833000000000002
-18.836000000000002
-18.839000000000002
-18.842
-18.845
-18.848
-18.851
-20.854
-20.857
-18.86
-20.863
-20.866
-20.869
-18.872
-18.875
-18.878
-18.881
-18.884
-18.887
-20.89
-20.893
-18.896
-20.899
-20.902
-20.905
-18.908
-18.911
-18.914
-18.917
-18.92
-18.923000000000002
-20.926000000000002
-20.929000000000002
-18.932000000000002
-20.935
-20.938
-20.941
-18.944
-18.947
-18.95
-18.953
-18.956
-18.959
-20.962
-20.965
-18.968
-20.971
-20.974
-20.977
-18.98
-18.983
-18.986
-18.989
-18.992
-18.995
-20.998
-21.001
-19.004
-21.007
-21.01
-21.013
-19.016000000000002
-19.019000000000002
-19.022000000000002
-19.025000000000002
-19.028
-19.031
-21.034
-21.037
-19.04
-21.043
-21.046
-21.049
-19.052
-19.055
-19.058
-19.061
-19.064
-19.067
-21.07
-21.073
-19.076
-21.079
-21.082
-21.085
-19.088
-19.091
-19.094
-19.097
-19.1
-19.103
-21.106
-21.109
-19.112000000000002
-21.115000000000002
-21.118000000000002
-21.121
-19.124
-19.127
-19.13
-19.133
-19.136
-19.139
-21.142
-21.145
-19.148
-21.151
-21.154
-21.157
-19.16
-19.163
-19.166
-19.169
-19.172
-19.175
-21.178
-21.181
-19.184
-21.187
-21.19
-21.193
-19.196
-19.199
-19.202
-19.205000000000002
-19.208000000000002
-19.211000000000002
-21.214000000000002
-21.217
-19.22
-21.223
-21.226
-21.229
-19.232
-19.235
-19.238
-19.241
-19.244
-19.247
-21.25
-21.253
-19.256
-21.259
-21.262
-21.265
-19.268
-19.271
-19.274
-19.277
-19.28
-19.283
-21.286
-21.289
-19.292
-21.295
-21.298000000000002
-21.301000000000002
-19.304000000000002
-19.307000000000002
-19.31
-19.313
-19.316
-19.319
-21.322
-21.325
-19.328
-21.331
-21.334
-21.337
-19.34
-19.343
-19.346
-19.349
-19.352
-19.355
-21.358
-21.361
-19.364
-21.367
-21.37
-21.373
-19.376
-19.379
-19.382
-19.385
-19.388
-19.391000000000002
-21.394000000000002
-21.397000000000002
-19.400000000000002
-21.403
-21.406
-21.409
-19.412
-19.415
-19.418
-19.421
-19.424
-19.427
-21.43
-21.433
-19.436
-21.439
-21.442
-21.445
-19.448
-19.451
-19.454
-19.457
-19.46
-19.463
-21.466
-21.469
-19.472
-21.475
-21.478
-21.481
-19.484
-19.487000000000002
-19.490000000000002
-19.493000000000002
-19.496
-19.499
-21.502
-21.505
-19.508
-21.511
-21.514
-21.517
-19.52
-19.523
-19.526
-19.529
-19.532
-19.535
-21.538
-21.541
-19.544
-21.547
-21.55
-21.553
-19.556
-19.559
-19.562
-19.565
-19.568
-19.571
-21.574
-21.577
-19.580000000000002
-21.583000000000002
-21.586000000000002
-21.589000000000002
-19.592
-19.595
-19.598
-19.601
-19.604
-19.607
-21.61
-21.613
-19.616
-21.619
-21.622
-21.625
-19.628
-19.631
-19.634
-19.637
-19.64
-19.643
-21.646
-21.649
-19.652
-21.655
-21.658
-21.661
-19.664
-19.667
-19.67
-19.673000000000002
-19.676000000000002
-19.679000000000002
-21.682000000000002
-21.685
-19.688
-21.691
-21.694
-21.697
-19.7
-19.703
-19.706
-19.709
-19.712
-19.715
-21.718
-21.721
-19.724
-21.727
-21.73
-21.733
-19.736
-19.739
-19.742
-19.745
-19.748
-19.751
-21.754
-21.757
-19.76
-21.763
-21.766000000000002
-21.769000000000002
-19.772000000000002
-19.775000000000002
-19.778
-19.781
-19.784
-19.787
-21.79
-21.793
-19.796
-21.799
-21.802
-21.805
-19.808
-19.811
-19.814
-19.817
-19.82
-19.823
-21.826
-21.829
-19.832
-21.835
-21.838
-21.841
-19.844
-19.847
-19.85
-19.853
-19.856
-19.859
-21.862000000000002
-21.865000000000002
-19.868000000000002
-21.871
-21.874
-21.877
-19.88
-19.883
-19.886
-19.889
-19.892
-19.895
-21.898
-21.901
-19.904
-21.907
-21.91
-21.913
-19.916
-19.919
-19.922
-19.925
-19.928
-19.931
-21.934
-21.937
-19.94
-21.943
-21.946
-21.949
-19.952
-19.955000000000002
-19.958000000000002
-19.961000000000002
-19.964000000000002
-19.967
-21.97
-21.973
-19.976
-21.979
-21.982
-21.985
-19.988
-19.991
-19.994
-19.997
-20.0
-20.003
-22.006
-22.009
-20.012
-22.015
-22.018
-22.021
-20.024
-20.027
-20.03
-20.033
-20.036
-20.039
-22.042
-22.045
-20.048000000000002
-22.051000000000002
-22.054000000000002
-22.057000000000002
-20.06
-20.063
-20.066
-20.069
-20.072
-20.075
-22.078
-22.081
-20.084
-22.087
-22.09
-22.093
-20.096
-20.099
-20.102
-20.105
-20.108
-20.111
-22.114
-22.117
-20.12
-22.123
-22.126
-22.129
-20.132
-20.135
-20.138
-20.141000000000002
-20.144000000000002
-20.147000000000002
-22.150000000000002
-22.153
-20.156
-22.159
-22.162
-22.165
-20.168
-20.171
-20.174
-20.177
-20.18
-20.183
-22.186
-22.189
-20.192
-22.195
-22.198
-22.201
-20.204
-20.207
-20.21
-20.213
-20.216
-20.219
-22.222
-22.225
-20.228
-22.231
-22.234
-22.237000000000002
-20.240000000000002
-20.243000000000002
-20.246000000000002
-20.249
-20.252
-20.255
-22.258
-22.261
-20.264
-22.267
-22.27
-22.273
-20.276
-20.279
-20.282
-20.285
-20.288
-20.291
-22.294
-22.297
-20.3
-22.303
-22.306
-22.309
-20.312
-20.315
-20.318
-20.321
-20.324
-20.327
-22.330000000000002
-22.333000000000002
-20.336000000000002
-22.339000000000002
-22.342
-22.345
-20.348
-20.351
-20.354
-20.357
-20.36
-20.363
-22.366
-22.369
-20.372
-22.375
-22.378
-22.381
-20.384
-20.387
-20.39
-20.393
-20.396
-20.399
-22.402
-22.405
-20.408
-22.411
-22.414
-22.417
-20.42
-20.423000000000002
-20.426000000000002
-20.429000000000002
-20.432000000000002
-20.435
-22.438
-22.441
-20.444
-22.447
-22.45
-22.453
-20.456
-20.459
-20.462
-20.465
-20.468
-20.471
-22.474
-22.477
-20.48
-22.483
-22.486
-22.489
-20.492
-20.495
-20.498
-20.501
-20.504
-20.507
-22.51
-22.513
-20.516000000000002
-22.519000000000002
-22.522000000000002
-22.525000000000002
-20.528
-20.531
-20.534
-20.537
-20.54
-20.543
-22.546
-22.549
-20.552
-22.555
-22.558
-22.561
-20.564
-20.567
-20.57
-20.573
-20.576
-20.579
-22.582
-22.585
-20.588
-22.591
-22.594
-22.597
-20.6
-20.603
-20.606
-20.609
-20.612000000000002
-20.615000000000002
-22.618000000000002
-22.621000000000002
-20.624
-22.627
-22.63
-22.633
-20.636
-20.639
-20.642
-20.645
-20.648
-20.651
-22.654
-22.657
-20.66
-22.663
-22.666
-22.669
-20.672
-20.675
-20.678
-20.681
-20.684
-20.687
-22.69
-22.693
-20.696
-22.699
-22.702
-22.705000000000002
-20.708000000000002
-20.711000000000002
-20.714000000000002
-20.717
-20.72
-20.723
-22.726
-22.729
-20.732
-22.735
-22.738
-22.741
-20.744
-20.747
-20.75
-20.753
-20.756
-20.759
-22.762
-22.765
-20.768
-22.771
-22.774
-22.777
-20.78
-20.783
-20.786
-20.789
-20.792
-20.795
-22.798000000000002
-22.801000000000002
-20.804000000000002
-22.807000000000002
-22.81
-22.813
-20.816
-20.819
-20.822
-20.825
-20.828
-20.831
-22.834
-22.837
-20.84
-22.843
-22.846
-22.849
-20.852
-20.855
-20.858
-20.861
-20.864
-20.867
-22.87
-22.873
-20.876
-22.879
-22.882
-22.885
-20.888
-20.891000000000002
-20.894000000000002
-20.897000000000002
-20.900000000000002
-20.903
-22.906
-22.909
-20.912
-22.915
-22.918
-22.921
-20.924
-20.927
-20.93
-20.933
-20.936
-20.939
-22.942
-22.945
-20.948
-22.951
-22.954
-22.957
-20.96
-20.963
-20.966
-20.969
-20.972
-20.975
-22.978
-22.981
-20.984
-22.987000000000002
-22.990000000000002
-22.993000000000002
-20.996000000000002
-20.999
-21.002
-21.005
-21.008
-21.011
-23.014
-23.017
-21.02
-23.023
-23.026
-23.029
-21.032
-21.035
-21.038
-21.041
-21.044
-21.047
-23.05
-23.053
-21.056
-23.059
-23.062
-23.065
-21.068
-21.071
-21.074
-21.077
-21.080000000000002
-21.083000000000002
-23.086000000000002
-23.089000000000002
-21.092
-23.095
-23.098
-23.101
-21.104
-21.107
-21.11
-21.113
-21.116
-21.119
-23.122
-23.125
-21.128
-23.131
-23.134
-23.137
-21.14
-21.143
-21.146
-21.149
-21.152
-21.155
-23.158
-23.161
-21.164
-23.167
-23.17
-23.173000000000002
-21.176000000000002
-21.179000000000002
-21.182000000000002
-21.185
-21.188
-21.191
-23.194
-23.197
-21.2
-23.203
-23.206
-23.209
-21.212
-21.215
-21.218
-21.221
-21.224
-21.227
-23.23
-23.233
-21.236
-23.239
-23.242
-23.245
-21.248
-21.251
-21.254
-21.257
-21.26
-21.263
-23.266000000000002
-23.269000000000002
-21.272000000000002
-23.275000000000002
-23.278
-23.281
-21.284
-21.287
-21.29
-21.293
-21.296
-21.299
-23.302
-23.305
-21.308
-23.311
-23.314
-23.317
-21.32
-21.323
-21.326
-21.329
-21.332
-21.335
-23.338
-23.341
-21.344
-23.347
-23.35
-23.353
-21.356
-21.359
-21.362000000000002
-21.365000000000002
-21.368000000000002
-21.371000000000002
-23.374
-23.377
-21.38
-23.383
-23.386
-23.389
-21.392
-21.395
-21.398
-21.401
-21.404
-21.407
-23.41
-23.413
-21.416
-23.419
-23.422
-23.425
-21.428
-21.431
-21.434
-21.437
-21.44
-21.443
-23.446
-23.449
-21.452
-23.455000000000002
-23.458000000000002
-23.461000000000002
-21.464000000000002
-21.467
-21.47
-21.473
-21.476
-21.479
-23.482
-23.485
-21.488
-23.491
-23.494
-23.497
-21.5
-21.503
-21.506
-21.509
-21.512
-21.515
-23.518
-23.521
-21.524
-23.527
-23.53
-23.533
-21.536
-21.539
-21.542
-21.545
-21.548000000000002
-21.551000000000002
-23.554000000000002
-23.557000000000002
-21.56
-23.563
-23.566
-23.569
-21.572
-21.575
-21.578
-21.581
-21.584
-21.587
-23.59
-23.593
-21.596
-23.599
-23.602
-23.605
-21.608
-21.611
-21.614
-21.617
-21.62
-21.623
-23.626
-23.629
-21.632
-23.635
-23.638
-23.641000000000002
-21.644000000000002
-21.647000000000002
-21.650000000000002
-21.653000000000002
-21.656
-21.659
-23.662
-23.665
-21.668
-23.671
-23.674
-23.677
-21.68
-21.683
-21.686
-21.689
-21.692
-21.695
-23.698
-23.701
-21.704
-23.707
-23.71
-23.713
-21.716
-21.719
-21.722
-21.725
-21.728
-21.731
-23.734
-23.737000000000002
-21.740000000000002
-23.743000000000002
-23.746000000000002
-23.749
-21.752
-21.755
-21.758
-21.761
-21.764
-21.767
-23.77
-23.773
-21.776
-23.779
-23.782
-23.785
-21.788
-21.791
-21.794
-21.797
-21.8
-21.803
-23.806
-23.809
-21.812
-23.815
-23.818
-23.821
-21.824
-21.827
-21.830000000000002
-21.833000000000002
-21.836000000000002
-21.839000000000002
-23.842
-23.845
-21.848
-23.851
-23.854
-23.857
-21.86
-21.863
-21.866
-21.869
-21.872
-21.875
-23.878
-23.881
-21.884
-23.887
-23.89
-23.893
-21.896
-21.899
-21.902
-21.905
-21.908
-21.911
-23.914
-23.917
-21.92
-23.923000000000002
-23.926000000000002
-23.929000000000002
-21.932000000000002
-21.935
-21.938
-21.941
-21.944
-21.947
-23.95
-23.953
-21.956
-23.959
-23.962
-23.965
-21.968
-21.971
-21.974
-21.977
-21.98
-21.983
-23.986
-23.989
-21.992
-23.995
-23.998
-24.001
-22.004
-22.007
-22.01
-22.013
-22.016000000000002
-22.019000000000002
-24.022000000000002
-24.025000000000002
-22.028000000000002
-24.031
-24.034
-24.037
-22.04
-22.043
-22.046
-22.049
-22.052
-22.055
-24.058
-24.061
-22.064
-24.067
-24.07
-24.073
-22.076
-22.079
-22.082
-22.085
-22.088
-22.091
-24.094
-24.097
-22.1
-24.103
-24.106
-24.109
-22.112000000000002
-22.115000000000002
-22.118000000000002
-22.121000000000002
-22.124
-22.127
-24.13
-24.133
-22.136
-24.139
-24.142
-24.145
-22.148
-22.151
-22.154
-22.157
-22.16
-22.163
-24.166
-24.169
-22.172
-24.175
-24.178
-24.181
-22.184
-22.187
-22.19
-22.193
-22.196
-22.199
-24.202
-24.205000000000002
-22.208000000000002
-24.211000000000002
-24.214000000000002
-24.217
-22.22
-22.223
-22.226
-22.229
-22.232
-22.235
-24.238
-24.241
-22.244
-24.247
-24.25
-24.253
-22.256
-22.259
-22.262
-22.265
-22.268
-22.271
-24.274
-24.277
-22.28
-24.283
-24.286
-24.289
-22.292
-22.295
-22.298000000000002
-22.301000000000002
-22.304000000000002
-22.307000000000002
-24.31
-24.313
-22.316
-24.319
-24.322
-24.325
-22.328
-22.331
-22.334
-22.337
-22.34
-22.343
-24.346
-24.349
-22.352
-24.355
-24.358
-24.361
-22.364
-22.367
-22.37
-22.373
-22.376
-22.379
-24.382
-24.385
-22.388
-24.391000000000002
-24.394000000000002
-24.397000000000002
-22.400000000000002
-22.403000000000002
-22.406
-22.409
-22.412
-22.415
-24.418
-24.421
-22.424
-24.427
-24.43
-24.433
-22.436
-22.439
-22.442
-22.445
-22.448
-22.451
-24.454
-24.457
-22.46
-24.463
-24.466
-24.469
-22.472
-22.475
-22.478
-22.481
-22.484
-22.487000000000002
-24.490000000000002
-24.493000000000002
-22.496000000000002
-24.499
-24.502
-24.505
-22.508
-22.511
-22.514
-22.517
-22.52
-22.523
-24.526
-24.529
-22.532
-24.535
-24.538
-24.541
-22.544
-22.547
-22.55
-22.553
-22.556
-22.559
-24.562
-24.565
-22.568
-24.571
-24.574
-24.577
-22.580000000000002
-22.583000000000002
-22.586000000000002
-22.589000000000002
-22.592
-22.595
-24.598
-24.601
-22.604
-24.607
-24.61
-24.613
-22.616
-22.619
-22.622
-22.625
-22.628
-22.631
-24.634
-24.637
-22.64
-24.643
-24.646
-24.649
-22.652
-22.655
-22.658
-22.661
-22.664
-22.667
-24.67
-24.673000000000002
-22.676000000000002
-24.679000000000002
-24.682000000000002
-24.685
-22.688
-22.691
-22.694
-22.697
-22.7
-22.703
-24.706
-24.709
-22.712
-24.715
-24.718
-24.721
-22.724
-22.727
-22.73
-22.733
-22.736
-22.739
-24.742
-24.745
-22.748
-24.751
-24.754
-24.757
-22.76
-22.763
-22.766000000000002
-22.769000000000002
-22.772000000000002
-22.775000000000002
-24.778000000000002
-24.781
-22.784
-24.787
-24.79
-24.793
-22.796
-22.799
-22.802
-22.805
-22.808
-22.811
-24.814
-24.817
-22.82
-24.823
-24.826
-24.829
-22.832
-22.835
-22.838
-22.841
-22.844
-22.847
-24.85
-24.853
-22.856
-24.859
-24.862000000000002
-24.865000000000002
-22.868000000000002
-22.871000000000002
-22.874
-22.877
-22.88
-22.883
-24.886
-24.889
-22.892
-24.895
-24.898
-24.901
-22.904
-22.907
-22.91
-22.913
-22.916
-22.919
-24.922
-24.925
-22.928
-24.931
-24.934
-24.937
-22.94
-22.943
-22.946
-22.949
-22.952
-22.955000000000002
-24.958000000000002
-24.961000000000002
-22.964000000000002
-24.967
-24.97
-24.973
-22.976
-22.979
-22.982
-22.985
-22.988
-22.991
-24.994
-24.997
-23.0
-25.003
-25.006
-25.009
-23.012
-23.015
-23.018
-23.021
-23.024
-23.027
-25.03
-25.033
-23.036
-25.039
-25.042
-25.045
-23.048000000000002
-23.051000000000002
-23.054000000000002
-23.057000000000002
-23.060000000000002
-23.063
-25.066
-25.069
-23.072
-25.075
-25.078
-25.081
-23.084
-23.087
-23.09
-23.093
-23.096
-23.099
-25.102
-25.105
-23.108
-25.111
-25.114
-25.117
-23.12
-23.123
-23.126
-23.129
-23.132
-23.135
-25.138
-25.141000000000002
-23.144000000000002
-25.147000000000002
-25.150000000000002
-25.153000000000002
-23.156
-23.159
-23.162
-23.165
-23.168
-23.171
-25.174
-25.177
-23.18
-25.183
-25.186
-25.189
-23.192
-23.195
-23.198
-23.201
-23.204
-23.207
-25.21
-25.213
-23.216
-25.219
-25.222
-25.225
-23.228
-23.231
-23.234
-23.237000000000002
-23.240000000000002
-23.243000000000002
-25.246000000000002
-25.249
-23.252
-25.255
-25.258
-25.261
-23.264
-23.267
-23.27
-23.273
-23.276
-23.279
-25.282
-25.285
-23.288
-25.291
-25.294
-25.297
-23.3
-23.303
-23.306
-23.309
-23.312
-23.315
-25.318
-25.321
-23.324
-25.327
-25.330000000000002
-25.333000000000002
-23.336000000000002
-23.339000000000002
-23.342
-23.345
-23.348
-23.351
-25.354
-25.357
-23.36
-25.363
-25.366
-25.369
-23.372
-23.375
-23.378
-23.381
-23.384
-23.387
-25.39
-25.393
-23.396
-25.399
-25.402
-25.405
-23.408
-23.411
-23.414
-23.417
-23.42
-23.423000000000002
-25.426000000000002
-25.429000000000002
-23.432000000000002
-25.435000000000002
-25.438
-25.441
-23.444
-23.447
-23.45
-23.453
-23.456
-23.459
-25.462
-25.465
-23.468
-25.471
-25.474
-25.477
-23.48
-23.483
-23.486
-23.489
-23.492
-23.495
-25.498
-25.501
-23.504
-25.507
-25.51
-25.513
-23.516000000000002
-23.519000000000002
-23.522000000000002
-23.525000000000002
-23.528000000000002
-23.531
-25.534
-25.537
-23.54
-25.543
-25.546
-25.549
-23.552
-23.555
-23.558
-23.561
-23.564
-23.567
-25.57
-25.573
-23.576
-25.579
-25.582
-25.585
-23.588
-23.591
-23.594
-23.597
-23.6
-23.603
-25.606
-25.609
-23.612000000000002
-25.615000000000002
-25.618000000000002
-25.621000000000002
-23.624
-23.627
-23.63
-23.633
-23.636
-23.639
-25.642
-25.645
-23.648
-25.651
-25.654
-25.657
-23.66
-23.663
-23.666
-23.669
-23.672
-23.675
-25.678
-25.681
-23.684
-25.687
-25.69
-25.693
-23.696
-23.699
-23.702
-23.705000000000002
-23.708000000000002
-23.711000000000002
-25.714000000000002
-25.717
-23.72
-25.723
-25.726
-25.729
-23.732
-23.735
-23.738
-23.741
-23.744
-23.747
-25.75
-25.753
-23.756
-25.759
-25.762
-25.765
-23.768
-23.771
-23.774
-23.777
-23.78
-23.783
-25.786
-25.789
-23.792
-25.795
-25.798000000000002
-25.801000000000002
-23.804000000000002
-23.807000000000002
-23.810000000000002
-23.813
-23.816
-23.819
-25.822
-25.825
-23.828
-25.831
-25.834
-25.837
-23.84
-23.843
-23.846
-23.849
-23.852
-23.855
-25.858
-25.861
-23.864
-25.867
-25.87
-25.873
-23.876
-23.879
-23.882
-23.885
-23.888
-23.891000000000002
-25.894000000000002
-25.897000000000002
-23.900000000000002
-25.903000000000002
-25.906
-25.909
-23.912
-23.915
-23.918
-23.921
-23.924
-23.927
-25.93
-25.933
-23.936
-25.939
-25.942
-25.945
-23.948
-23.951
-23.954
-23.957
-23.96
-23.963
-25.966
-25.969
-23.972
-25.975
-25.978
-25.981
-23.984
-23.987000000000002
-23.990000000000002
-23.993000000000002
-23.996000000000002
-23.999
-26.002
-26.005
-24.008
-26.011
-26.014
-26.017
-24.02
-24.023
-24.026
-24.029
-24.032
-24.035
-26.038
-26.041
-24.044
-26.047
-26.05
-26.053
-24.056
-24.059
-24.062
-24.065
-24.068
-24.071
-26.074
-26.077
-24.080000000000002
-26.083000000000002
-26.086000000000002
-26.089000000000002
-24.092
-24.095
-24.098
-24.101
-24.104
-24.107
-26.11
-26.113
-24.116
-26.119
-26.122
-26.125
-24.128
-24.131
-24.134
-24.137
-24.14
-24.143
-26.146
-26.149
-24.152
-26.155
-26.158
-26.161
-24.164
-24.167
-24.17
-24.173000000000002
-24.176000000000002
-24.179000000000002
-26.182000000000002
-26.185000000000002
-24.188
-26.191
-26.194
-26.197
-24.2
-24.203
-24.206
-24.209
-24.212
-24.215
-26.218
-26.221
-24.224
-26.227
-26.23
-26.233
-24.236
-24.239
-24.242
-24.245
-24.248
-24.251
-26.254
-26.257
-24.26
-26.263
-26.266000000000002
-26.269000000000002
-24.272000000000002
-24.275000000000002
-24.278000000000002
-24.281
-24.284
-24.287
-26.29
-26.293
-24.296
-26.299
-26.302
-26.305
-24.308
-24.311
-24.314
-24.317
-24.32
-24.323
-26.326
-26.329
-24.332
-26.335
-26.338
-26.341
-24.344
-24.347
-24.35
-24.353
-24.356
-24.359
-26.362000000000002
-26.365000000000002
-24.368000000000002
-26.371000000000002
-26.374
-26.377
-24.38
-24.383
-24.386
-24.389
-24.392
-24.395
-26.398
-26.401
-24.404
-26.407
-26.41
-26.413
-24.416
-24.419
-24.422
-24.425
-24.428
-24.431
-26.434
-26.437
-24.44
-26.443
-26.446
-26.449
-24.452
-24.455000000000002
-24.458000000000002
-24.461000000000002
-24.464000000000002
-24.467000000000002
-26.47
-26.473
-24.476
-26.479
-26.482
-26.485
-24.488
-24.491
-24.494
-24.497
-24.5
-24.503
-26.506
-26.509
-24.512
-26.515
-26.518
-26.521
-24.524
-24.527
-24.53
-24.533
-24.536
-24.539
-26.542
-26.545
-24.548000000000002
-26.551000000000002
-26.554000000000002
-26.557000000000002
-24.560000000000002
-24.563
-24.566
-24.569
-24.572
-24.575
-26.578
-26.581
-24.584
-26.587
-26.59
-26.593
-24.596
-24.599
-24.602
-24.605
-24.608
-24.611
-26.614
-26.617
-24.62
-26.623
-26.626
-26.629
-24.632
-24.635
-24.638
-24.641000000000002
-24.644000000000002
-24.647000000000002
-26.650000000000002
-26.653000000000002
-24.656
-26.659
-26.662
-26.665
-24.668
-24.671
-24.674
-24.677
-24.68
-24.683
-26.686
-26.689
-24.692
-26.695
-26.698
-26.701
-24.704
-24.707
-24.71
-24.713
-24.716
-24.719
-26.722
-26.725
-24.728
-26.731
-26.734
-26.737000000000002
-24.740000000000002
-24.743000000000002
-24.746000000000002
-24.749
-24.752
-24.755
-26.758
-26.761
-24.764
-26.767
-26.77
-26.773
-24.776
-24.779
-24.782
-24.785
-24.788
-24.791
-26.794
-26.797
-24.8
-26.803
-26.806
-26.809
-24.812
-24.815
-24.818
-24.821
-24.824
-24.827
-26.830000000000002
-26.833000000000002
-24.836000000000002
-26.839000000000002
-26.842000000000002
-26.845
-24.848
-24.851
-24.854
-24.857
-24.86
-24.863
-26.866
-26.869
-24.872
-26.875
-26.878
-26.881
-24.884
-24.887
-24.89
-24.893
-24.896
-24.899
-26.902
-26.905
-24.908
-26.911
-26.914
-26.917
-24.92
-24.923000000000002
-24.926000000000002
-24.929000000000002
-24.932000000000002
-24.935000000000002
-26.938
-26.941
-24.944
-26.947
-26.95
-26.953
-24.956
-24.959
-24.962
-24.965
-24.968
-24.971
-26.974
-26.977
-24.98
-26.983
-26.986
-26.989
-24.992
-24.995
-24.998
-25.001
-25.004
-25.007
-27.01
-27.013
-25.016000000000002
-27.019000000000002
-27.022000000000002
-27.025000000000002
-25.028000000000002
-25.031
-25.034
-25.037
-25.04
-25.043
-27.046
-27.049
-25.052
-27.055
-27.058
-27.061
-25.064
-25.067
-25.07
-25.073
-25.076
-25.079
-27.082
-27.085
-25.088
-27.091
-27.094
-27.097
-25.1
-25.103
-25.106
-25.109
-25.112000000000002
-25.115000000000002
-27.118000000000002
-27.121000000000002
-25.124
-27.127
-27.13
-27.133
-25.136
-25.139
-25.142
-25.145
-25.148
-25.151
-27.154
-27.157
-25.16
-27.163
-27.166
-27.169
-25.172
-25.175
-25.178
-25.181
-25.184
-25.187
-27.19
-27.193
-25.196
-27.199
-27.202
-27.205000000000002
-25.208000000000002
-25.211000000000002
-25.214000000000002
-25.217000000000002
-25.22
-25.223
-27.226
-27.229
-25.232
-27.235
-27.238
-27.241
-25.244
-25.247
-25.25
-25.253
-25.256
-25.259
-27.262
-27.265
-25.268
-27.271
-27.274
-27.277
-25.28
-25.283
-25.286
-25.289
-25.292
-25.295
-27.298000000000002
-27.301000000000002
-25.304000000000002
-27.307000000000002
-27.310000000000002
-27.313
-25.316
-25.319
-25.322
-25.325
-25.328
-25.331
-27.334
-27.337
-25.34
-27.343
-27.346
-27.349
-25.352
-25.355
-25.358
-25.361
-25.364
-25.367
-27.37
-27.373
-25.376
-27.379
-27.382
-27.385
-25.388
-25.391000000000002
-25.394000000000002
-25.397000000000002
-25.400000000000002
-25.403000000000002
-27.406
-27.409
-25.412
-27.415
-27.418
-27.421
-25.424
-25.427
-25.43
-25.433
-25.436
-25.439
-27.442
-27.445
-25.448
-27.451
-27.454
-27.457
-25.46
-25.463
-25.466
-25.469
-25.472
-25.475
-27.478
-27.481
-25.484
-27.487000000000002
-27.490000000000002
-27.493000000000002
-25.496000000000002
-25.499
-25.502
-25.505
-25.508
-25.511
-27.514
-27.517
-25.52
-27.523
-27.526
-27.529
-25.532
-25.535
-25.538
-25.541
-25.544
-25.547
-27.55
-27.553
-25.556
-27.559
-27.562
-27.565
-25.568
-25.571
-25.574
-25.577
-25.580000000000002
-25.583000000000002
-27.586000000000002
-27.589000000000002
-25.592000000000002
-27.595
-27.598
-27.601
-25.604
-25.607
-25.61
-25.613
-25.616
-25.619
-27.622
-27.625
-25.628
-27.631
-27.634
-27.637
-25.64
-25.643
-25.646
-25.649
-25.652
-25.655
-27.658
-27.661
-25.664
-27.667
-27.67
-27.673000000000002
-25.676000000000002
-25.679000000000002
-25.682000000000002
-25.685000000000002
-25.688
-25.691
-27.694
-27.697
-25.7
-27.703
-27.706
-27.709
-25.712
-25.715
-25.718
-25.721
-25.724
-25.727
-27.73
-27.733
-25.736
-27.739
-27.742
-27.745
-25.748
-25.751
-25.754
-25.757
-25.76
-25.763
-27.766000000000002
-27.769000000000002
-25.772000000000002
-27.775000000000002
-27.778000000000002
-27.781
-25.784
-25.787
-25.79
-25.793
-25.796
-25.799
-27.802
-27.805
-25.808
-27.811
-27.814
-27.817
-25.82
-25.823
-25.826
-25.829
-25.832
-25.835
-27.838
-27.841
-25.844
-27.847
-27.85
-27.853
-25.856
-25.859
-25.862000000000002
-25.865000000000002
-25.868000000000002
-25.871000000000002
-27.874000000000002
-27.877
-25.88
-27.883
-27.886
-27.889
-25.892
-25.895
-25.898
-25.901
-25.904
-25.907
-27.91
-27.913
-25.916
-27.919
-27.922
-27.925
-25.928
-25.931
-25.934
-25.937
-25.94
-25.943
-27.946
-27.949
-25.952
-27.955000000000002
-27.958000000000002
-27.961000000000002
-25.964000000000002
-25.967000000000002
-25.97
-25.973
-25.976
-25.979
-27.982
-27.985
-25.988
-27.991
-27.994
-27.997
-26.0
-26.003
-26.006
-26.009
-26.012
-26.015
-28.018
-28.021
-26.024
-28.027
-28.03
-28.033
-26.036
-26.039
-26.042
-26.045
-26.048000000000002
-26.051000000000002
-28.054000000000002
-28.057000000000002
-26.060000000000002
-28.063
-28.066
-28.069
-26.072
-26.075
-26.078
-26.081
-26.084
-26.087
-28.09
-28.093
-26.096
-28.099
-28.102
-28.105
-26.108
-26.111
-26.114
-26.117
-26.12
-26.123
-28.126
-28.129
-26.132
-28.135
-28.138
-28.141000000000002
-26.144000000000002
-26.147000000000002
-26.150000000000002
-26.153000000000002
-26.156
-26.159
-28.162
-28.165
-26.168
-28.171
-28.174
-28.177
-26.18
-26.183
-26.186
-26.189
-26.192
-26.195
-28.198
-28.201
-26.204
-28.207
-28.21
-28.213
-26.216
-26.219
-26.222
-26.225
-26.228
-26.231
-28.234
-28.237000000000002
-26.240000000000002
-28.243000000000002
-28.246000000000002
-28.249000000000002
-26.252
-26.255
-26.258
-26.261
-26.264
-26.267
-28.27
-28.273
-26.276
-28.279
-28.282
-28.285
-26.288
-26.291
-26.294
-26.297
-26.3
-26.303
-28.306
-28.309
-26.312
-28.315
-28.318
-28.321
-26.324
-26.327
-26.330000000000002
-26.333000000000002
-26.336000000000002
-26.339000000000002
-28.342000000000002
-28.345
-26.348
-28.351
-28.354
-28.357
-26.36
-26.363
-26.366
-26.369
-26.372
-26.375
-28.378
-28.381
-26.384
-28.387
-28.39
-28.393
-26.396
-26.399
-26.402
-26.405
-26.408
-26.411
-28.414
-28.417
-26.42
-28.423000000000002
-28.426000000000002
-28.429000000000002
-26.432000000000002
-26.435000000000002
-26.438
-26.441
-26.444
-26.447
-28.45
-28.453
-26.456
-28.459
-28.462
-28.465
-26.468
-26.471
-26.474
-26.477
-26.48
-26.483
-28.486
-28.489
-26.492
-28.495
-28.498
-28.501
-26.504
-26.507
-26.51
-26.513
-26.516000000000002
-26.519000000000002
-28.522000000000002
-28.525000000000002
-26.528000000000002
-28.531
-28.534
-28.537
-26.54
-26.543
-26.546
-26.549
-26.552
-26.555
-28.558
-28.561
-26.564
-28.567
-28.57
-28.573
-26.576
-26.579
-26.582
-26.585
-26.588
-26.591
-28.594
-28.597
-26.6
-28.603
-28.606
-28.609
-26.612000000000002
-26.615000000000002
-26.618000000000002
-26.621000000000002
-26.624000000000002
-26.627
-28.63
-28.633
-26.636
-28.639
-28.642
-28.645
-26.648
-26.651
-26.654
-26.657
-26.66
-26.663
-28.666
-28.669
-26.672
-28.675
-28.678
-28.681
-26.684
-26.687
-26.69
-26.693
-26.696
-26.699
-28.702
-28.705000000000002
-26.708000000000002
-28.711000000000002
-28.714000000000002
-28.717000000000002
-26.72
-26.723
-26.726
-26.729
-26.732
-26.735
-28.738
-28.741
-26.744
-28.747
-28.75
-28.753
-26.756
-26.759
-26.762
-26.765
-26.768
-26.771
-28.774
-28.777
-26.78
-28.783
-28.786
-28.789
-26.792
-26.795
-26.798000000000002
-26.801000000000002
-26.804000000000002
-26.807000000000002
-28.810000000000002
-28.813
-26.816
-28.819
-28.822
-28.825
-26.828
-26.831
-26.834
-26.837
-26.84
-26.843
-28.846
-28.849
-26.852
-28.855
-28.858
-28.861
-26.864
-26.867
-26.87
-26.873
-26.876
-26.879
-28.882
-28.885
-26.888
-28.891000000000002
-28.894000000000002
-28.897000000000002
-26.900000000000002
-26.903000000000002
-26.906
-26.909
-26.912
-26.915
-28.918
-28.921
-26.924
-28.927
-28.93
-28.933
-26.936
-26.939
-26.942
-26.945
-26.948
-26.951
-28.954
-28.957
-26.96
-28.963
-28.966
-28.969
-26.972
-26.975
-26.978
-26.981
-26.984
-26.987000000000002
-28.990000000000002
-28.993000000000002
-26.996000000000002
-28.999000000000002
-29.002
-29.005
-27.008
-27.011
-27.014
-27.017
-27.02
-27.023
-29.026
-29.029
-27.032
-29.035
-29.038
-29.041
-27.044
-27.047
-27.05
-27.053
-27.056
-27.059
-29.062
-29.065
-27.068
-29.071
-29.074
-29.077
-27.080000000000002
-27.083000000000002
-27.086000000000002
-27.089000000000002
-27.092000000000002
-27.095
-29.098
-29.101
-27.104
-29.107
-29.11
-29.113
-27.116
-27.119
-27.122
-27.125
-27.128
-27.131
-29.134
-29.137
-27.14
-29.143
-29.146
-29.149
-27.152
-27.155
-27.158
-27.161
-27.164
-27.167
-29.17
-29.173000000000002
-27.176000000000002
-29.179000000000002
-29.182000000000002
-29.185000000000002
-27.188
-27.191
-27.194
-27.197
-27.2
-27.203
-29.206
-29.209
-27.212
-29.215
-29.218
-29.221
-27.224
-27.227
-27.23
-27.233
-27.236
-27.239
-29.242
-29.245
-27.248
-29.251
-29.254
-29.257
-27.26
-27.263
-27.266000000000002
-27.269000000000002
-27.272000000000002
-27.275000000000002
-29.278000000000002
-29.281000000000002
-27.284
-29.287
-29.29
-29.293
-27.296
-27.299
-27.302
-27.305
-27.308
-27.311
-29.314
-29.317
-27.32
-29.323
-29.326
-29.329
-27.332
-27.335
-27.338
-27.341
-27.344
-27.347
-29.35
-29.353
-27.356
-29.359
-29.362000000000002
-29.365000000000002
-27.368000000000002
-27.371000000000002
-27.374000000000002
-27.377
-27.38
-27.383
-29.386
-29.389
-27.392
-29.395
-29.398
-29.401
-27.404
-27.407
-27.41
-27.413
-27.416
-27.419
-29.422
-29.425
-27.428
-29.431
-29.434
-29.437
-27.44
-27.443
-27.446
-27.449
-27.452
-27.455000000000002
-29.458000000000002
-29.461000000000002
-27.464000000000002
-29.467000000000002
-29.47
-29.473
-27.476
-27.479
-27.482
-27.485
-27.488
-27.491
-29.494
-29.497
-27.5
-29.503
-29.506
-29.509
-27.512
-27.515
-27.518
-27.521
-27.524
-27.527
-29.53
-29.533
-27.536
-29.539
-29.542
-29.545
-27.548000000000002
-27.551000000000002
-27.554000000000002
-27.557000000000002
-27.560000000000002
-27.563
-29.566
-29.569
-27.572
-29.575
-29.578
-29.581
-27.584
-27.587
-27.59
-27.593
-27.596
-27.599
-29.602
-29.605
-27.608
-29.611
-29.614
-29.617
-27.62
-27.623
-27.626
-27.629
-27.632
-27.635
-29.638
-29.641000000000002
-27.644000000000002
-29.647000000000002
-29.650000000000002
-29.653000000000002
-27.656000000000002
-27.659
-27.662
-27.665
-27.668
-27.671
-29.674
-29.677
-27.68
-29.683
-29.686
-29.689
-27.692
-27.695
-27.698
-27.701
-27.704
-27.707
-29.71
-29.713
-27.716
-29.719
-29.722
-29.725
-27.728
-27.731
-27.734
-27.737000000000002
-27.740000000000002
-27.743000000000002
-29.746000000000002
-29.749000000000002
-27.752
-29.755
-29.758
-29.761
-27.764
-27.767
-27.77
-27.773
-27.776
-27.779
-29.782
-29.785
-27.788
-29.791
-29.794
-29.797
-27.8
-27.803
-27.806
-27.809
-27.812
-27.815
-29.818
-29.821
-27.824
-29.827
-29.830000000000002
-29.833000000000002
-27.836000000000002
-27.839000000000002
-27.842000000000002
-27.845
-27.848
-27.851
-29.854
-29.857
-27.86
-29.863
-29.866
-29.869
-27.872
-27.875
-27.878
-27.881
-27.884
-27.887
-29.89
-29.893
-27.896
-29.899
-29.902
-29.905
-27.908
-27.911
-27.914
-27.917
-27.92
-27.923000000000002
-29.926000000000002
-29.929000000000002
-27.932000000000002
-29.935000000000002
-29.938
-29.941
-27.944
-27.947
-27.95
-27.953
-27.956
-27.959
-29.962
-29.965
-27.968
-29.971
-29.974
-29.977
-27.98
-27.983
-27.986
-27.989
-27.992
-27.995
-29.998
-30.001
-28.004
-30.007
-30.01
-30.013
-28.016000000000002
-28.019000000000002
-28.022000000000002
-28.025000000000002
-28.028000000000002
-28.031000000000002
-30.034
-30.037
-28.04
-30.043
-30.046
-30.049
-28.052
-28.055
-28.058
-28.061
-28.064
-28.067
-30.07
-30.073
-28.076
-30.079
-30.082
-30.085
-28.088
-28.091
-28.094
-28.097
-28.1
-28.103
-30.106
-30.109
-28.112000000000002
-30.115000000000002
-30.118000000000002
-30.121000000000002
-28.124000000000002
-28.127
-28.13
-28.133
-28.136
-28.139
-30.142
-30.145
-28.148
-30.151
-30.154
-30.157
-28.16
-28.163
-28.166
-28.169
-28.172
-28.175
-30.178
-30.181
-28.184
-30.187
-30.19
-30.193
-28.196
-28.199
-28.202
-28.205000000000002
-28.208000000000002
-28.211000000000002
-30.214000000000002
-30.217000000000002
-28.22
-30.223
-30.226
-30.229
-28.232
-28.235
-28.238
-28.241
-28.244
-28.247
-30.25
-30.253
-28.256
-30.259
-30.262
-30.265
-28.268
-28.271
-28.274
-28.277
-28.28
-28.283
-30.286
-30.289
-28.292
-30.295
-30.298000000000002
-30.301000000000002
-28.304000000000002
-28.307000000000002
-28.310000000000002
-28.313
-28.316
-28.319
-30.322
-30.325
-28.328
-30.331
-30.334
-30.337
-28.34
-28.343
-28.346
-28.349
-28.352
-28.355
-30.358
-30.361
-28.364
-30.367
-30.37
-30.373
-28.376
-28.379
-28.382
-28.385
-28.388
-28.391000000000002
-30.394000000000002
-30.397000000000002
-28.400000000000002
-30.403000000000002
-30.406000000000002
-30.409
-28.412
-28.415
-28.418
-28.421
-28.424
-28.427
-30.43
-30.433
-28.436
-30.439
-30.442
-30.445
-28.448
-28.451
-28.454
-28.457
-28.46
-28.463
-30.466
-30.469
-28.472
-30.475
-30.478
-30.481
-28.484
-28.487000000000002
-28.490000000000002
-28.493000000000002
-28.496000000000002
-28.499000000000002
-30.502
-30.505
-28.508
-30.511
-30.514
-30.517
-28.52
-28.523
-28.526
-28.529
-28.532
-28.535
-30.538
-30.541
-28.544
-30.547
-30.55
-30.553
-28.556
-28.559
-28.562
-28.565
-28.568
-28.571
-30.574
-30.577
-28.580000000000002
-30.583000000000002
-30.586000000000002
-30.589000000000002
-28.592000000000002
-28.595
-28.598
-28.601
-28.604
-28.607
-30.61
-30.613
-28.616
-30.619
-30.622
-30.625
-28.628
-28.631
-28.634
-28.637
-28.64
-28.643
-30.646
-30.649
-28.652
-30.655
-30.658
-30.661
-28.664
-28.667
-28.67
-28.673000000000002
-28.676000000000002
-28.679000000000002
-30.682000000000002
-30.685000000000002
-28.688000000000002
-30.691
-30.694
-30.697
-28.7
-28.703
-28.706
-28.709
-28.712
-28.715
-30.718
-30.721
-28.724
-30.727
-30.73
-30.733
-28.736
-28.739
-28.742
-28.745
-28.748
-28.751
-30.754
-30.757
-28.76
-30.763
-30.766000000000002
-30.769000000000002
-28.772000000000002
-28.775000000000002
-28.778000000000002
-28.781000000000002
-28.784
-28.787
-30.79
-30.793
-28.796
-30.799
-30.802
-30.805
-28.808
-28.811
-28.814
-28.817
-28.82
-28.823
-30.826
-30.829
-28.832
-30.835
-30.838
-30.841
-28.844
-28.847
-28.85
-28.853
-28.856
-28.859
-30.862000000000002
-30.865000000000002
-28.868000000000002
-30.871000000000002
-30.874000000000002
-30.877
-28.88
-28.883
-28.886
-28.889
-28.892
-28.895
-30.898
-30.901
-28.904
-30.907
-30.91
-30.913
-28.916
-28.919
-28.922
-28.925
-28.928
-28.931
-30.934
-30.937
-28.94
-30.943
-30.946
-30.949
-28.952
-28.955000000000002
-28.958000000000002
-28.961000000000002
-28.964000000000002
-28.967000000000002
-30.97
-30.973
-28.976
-30.979
-30.982
-30.985
-28.988
-28.991
-28.994
-28.997
