0.9967981126013761
0.9939733986407578
0.9941436073167597
0.9003343479673199
0.9943707119713109
0.9945643590065559
-1.0011841367484728
-1.0011559199170985
0.9952432042178146
-1.0011031960130432
-1.0010180266623567
-1.001132097929591
0.9937980979219123
0.9939794265256291
0.9941364883162025
0.994222854796768
0.9943628745239954
0.9945723285628896
-1.0011633358167549
-1.0011438187563608
0.99524789142614
-1.001105718601077
-1.001027075249066
-1.0011500684649663
0.9942402623890711
0.9942644008332864
0.9943658344346636
0.9943598020619996
0.9944413436076976
0.9945872649783362
-1.0011461562823585
-1.0011298355020766
0.9952368725792935
-1.0011041339153688
-1.0010307792968158
-1.0011587212507749
0.9943655520451616
0.9943491736576788
0.994442072052584
0.9944071742489787
0.9944707341309178
0.9945968166980536
-1.0011344077815774
-1.0011215990149385
0.9952343696213385
-1.001104359601616
-1.0010346903359797
-1.0011668922862564
0.994545110353318
0.9944704349840977
0.9945542098529316
0.9944751198675837
0.9945085526372247
0.9946003503855261
-1.00113045584717
-1.0011172276328966
0.9952271723439678
-1.0011028719295505
-1.0010343329145384
-1.0011668572807761
0.9945451100187108
0.9944704349702814
0.9945542098220232
0.9944751198505465
0.994508552626162
0.9946003503745061
-1.001130455858149
-1.001117227643794
0.9952271723331402
-1.0011028719403168
-1.0010343329252733
-1.0011668572915027
0.9945451100079904
0.994470434959538
0.9945542098112545
0.9944751198397492
0.994508552615344
0.994600350363676
-1.0011304558689942
-1.0011172276546352
0.9952271723223112
-1.0011028719511397
-1.0010343329360862
-1.001166857302308
0.9945451099971936
0.9944704349487424
0.9945542098004588
0.9944751198289504
0.9945085526045417
0.9946003503528703
-1.0011304558798044
-1.0011172276654472
0.9952271723114996
-1.001102871961952
-1.0010343329468976
-1.001166857313118
0.9945451099863855
0.9944704349379355
0.9945542097896523
0.9944751198181442
0.994508552593735
0.9946003503420635
-1.0011304558906118
-1.0011172276762548
0.9952271723006915
-1.0011028719727606
-1.0010343329577058
-1.0011668573239259
0.9945451099755774
0.9944704349271277
0.9945542097788448
0.994475119807337
0.9945085525829279
0.9946003503312558
-1.0011304559014198
-1.001117227687063
0.9952271722898827
-1.0011028719835693
-1.0010343329685147
-1.0011668573347348
0.9945451099647692
0.9944704349163199
0.9945542097680381
0.9944751197965311
0.9945085525721229
0.994600350320451
-1.001130455912225
-1.0011172276978695
0.995227172279074
-1.0011028719943809
-1.001034332979329
-1.0011668573455512
0.994545109953952
0.9944704349055045
0.9945542097572266
0.9944751197857254
0.9945085525613249
0.9946003503096605
-1.0011304559230096
-1.0011172277086524
0.995227172268288
-1.0011028720051767
-1.001034332990142
-1.001166857356385
0.9945451099430966
0.9944704348946318
0.9945542097463473
0.9944751197748551
0.994508552550482
0.9946003502988634
-1.0011304559337482
-1.00111722771933
0.9952271722576592
-1.001102872015785
-1.001034333000772
-1.0011668573670895
0.9945451099322663
0.9944704348836387
0.9945542097351825
0.9944751197635495
0.9945085525391126
0.9946003502875493
-1.0011304559448617
-1.001117227730099
0.9952271722473418
-1.0011028720256199
-1.0010343330102034
-1.0011668573763246
0.9945451099229011
0.9944704348737322
0.9945542097243203
0.9944751197514184
0.9945085525256164
0.9946003502729045
-1.0011304559600798
-1.0011172277449927
0.995227172233879
-1.001102872036539
-1.0010343330176994
-1.0011668573800232
0.9945451099226243
0.994470434875458
0.9945542097254141
0.9944751197483016
0.9945085525146214
0.994600350251415
-1.0011304559921705
-1.0011172277852978
0.9952271721897331
-1.0011028720791426
-1.0010343330536293
-1.001166857404016
0.9945451099161455
0.9944704348998041
0.9945542098221289
0.9944751199263995
0.994508552988243
0.9946009298355675
-1.0010984516027992
-1.0009827217327882