0.0025764517442153434
0.0024011657048336418
0.0022308118494608624
0.0021377660195296137
0.002003416834862387
0.0018096246176358367
-0.00244202480931739
-0.0024703868199809726
0.0011303438744313158
-0.0025234010476480905
-0.002608715522518438
-0.002494789284045142
0.0025750146868036023
0.0023936859940380515
0.0022366241410725286
0.0021502576175592035
0.002010237869283467
0.0018007838265060895
-0.0024635517870598184
-0.0024830688352955837
0.0011252209953833284
-0.002521168965454377
-0.0025998123077671568
-0.0024768190860518205
0.0021328500613665797
0.0021087116147994337
0.002007278008464686
0.0020133103750069577
0.0019317688233258246
0.0017858474477731004
-0.002480731294895592
-0.0024970520769331023
0.0011362398412810694
-0.0025227536635749046
-0.0025961082812363694
-0.0024681663264114868
0.0020075603781709536
0.002023938765648863
0.0019310403701785811
0.0019659381727354878
0.001902378289413632
0.001776295720734785
-0.0024924798011769487
-0.002505288569238885
0.001138742793248272
-0.002522527984832043
-0.002592197251328029
-0.002459995301789668
0.001828002057957705
0.0019026774265028254
0.0018189025569528348
0.0018979925415192728
0.0018645597710251595
0.0017727620218076353
-0.0024964317464565805
-0.002509659961713776
0.0011459400604362405
-0.0025240156670169006
-0.002592554682977632
-0.002460030317663141
0.0018280023819496945
0.0019026774294948635
0.0018189025768776887
0.001897992547479914
0.0018645597709854786
0.001772762021754035
-0.00249643174648696
-0.0025096599617467283
0.0011459400604090443
-0.0025240156670475514
-0.0025925546830055128
-0.0024600303176888056
0.0018280023819086753
0.0019026774294546153
0.0018189025768346229
0.0018979925474384585
0.001864559770943572
0.0017727620217116184
-0.002496431746518884
-0.002509659961779385
0.0011459400603718276
-0.0025240156670808555
-0.0025925546830387115
-0.002460030317721923
0.0018280023818713909
0.0019026774294175798
0.0018189025767968124
0.0018979925474010835
0.0018645597709062763
0.0017727620216743635
-0.0024964317465543174
-0.0025096599618149315
0.0011459400603352327
-0.0025240156671166064
-0.002592554683074513
-0.0024600303177577695
0.0018280023818351507
0.0019026774293813657
0.001818902576760529
0.00189799254736484
0.0018645597708700618
0.0017727620216381728
-0.002496431746590444
-0.00250965996185106
0.0011459400602990256
-0.002524015667152757
-0.0025925546831106787
-0.0024600303177939446
0.0018280023817990195
0.0019026774293452323
0.0018189025767244033
0.0018979925473287104
0.0018645597708339362
0.0017727620216020507
-0.002496431746626608
-0.002509659961887222
0.0011459400602628783
-0.002524015667188918
-0.002592554683146841
-0.0024600303178301075
0.0018280023817628783
0.0019026774293090915
0.0018189025766882673
0.0018979925472925726
0.0018645597707977989
0.0017727620215659138
-0.002496431746662755
-0.00250965996192337
0.0011459400602267323
-0.0025240156672250748
-0.002592554683183001
-0.002460030317866272
0.0018280023817267253
0.0019026774292729394
0.0018189025766521191
0.0018979925472564297
0.0018645597707616641
0.0017727620215297886
-0.0024964317466988667
-0.002509659961959479
0.0011459400601906249
-0.002524015667261205
-0.002592554683219158
-0.002460030317902468
0.001828002381690533
0.0019026774292367358
0.0018189025766158873
0.0018979925472202308
0.0018645597707254865
0.0017727620214936565
-0.002496431746734897
-0.0025096599619954065
0.0011459400601547876
-0.00252401566729701
-0.0025925546832550085
-0.0024600303179384154
0.0018280023816543284
0.0019026774292003781
0.001818902576579246
0.001897992547183612
0.0018645597706887732
0.0017727620214569137
-0.002496431746771424
-0.0025096599620313517
0.001145940060119454
-0.0025240156673313812
-0.002592554683288781
-0.0024600303179715794
0.001828002381619287
0.0019026774291646883
0.0018189025765425765
0.0018979925471459755
0.0018645597706497324
0.0017727620214161733
-0.0024964317468140784
-0.002509659962073424
0.0011459400600784845
-0.002524015667366919
-0.0025925546833188286
-0.0024600303179943364
0.0018280023815925583
0.0019026774291388939
0.0018189025765197875
0.001897992547115522
0.0018645597706121865
0.001772762021367068
-0.0024964317468843646
-0.0025096599621573885
0.00114594005998439
-0.002524015667455956
-0.0025925546833955263
-0.0024600303180547125
0.0018280023815636735
0.0019026774291393718
0.001818902576621934
0.0018979925658308416
0.0018645596105860847
0.0017721828794643978
-0.002528435561705979
-0.002644165309948869