0.0006254356544085309
0.0006254356544085309
-0.0023744191662205083
-0.005374273986849541
-0.008374128806173255
-0.011373983624191645
-0.014373838442210013
-0.017373693262920542
-0.02037354809224601
-0.023373402939308566
-0.02637325781512484
-0.029373112786363394
-0.032373112608716115
-0.03537311251966697
-0.038373112457274976
-0.04137311241432703
-0.04437311239327893
-0.04737311238939566
-0.05037311239618521
-0.053373112408343845
-0.0563731124215235
-0.05937311243346859
-0.06237311244316695
-0.06537311244898175
-0.06837311245043771
-0.07137311244808577
-0.07437311244312826
-0.07737311243700651
-0.08037311243102341
-0.0833731124261092
-0.08637311242274613
-0.08937311242099012
-0.09237311242057461
-0.09537311242105637
-0.09837311242194789
-0.10137311242281356
-0.1043731124233326
-0.1073731124233277
-0.1103731124227625
-0.11337311242171422
-0.11637311242033142
-0.11937311241878835
-0.12237311241724552
-0.12537311241582272
-0.12837311241458668
-0.13137311241355207
-0.13437311241269204
-0.137373112411954
-0.14037311241127598
-0.14337311241060058
-0.14637311240988451
-0.14937311240910303
-0.15237311240824988
-0.15537311240733379
-0.158373112406373
-0.16137311240538954
-0.16437311240440408
-0.16737311240343244
-0.17037311240248382
-0.17337311240156075
-0.1763731124006604
-0.17937311239977635
-0.18237311239890083
-0.1853731123980264
-0.1883731123971473
-0.19137311239626018
-0.19437311239536392
-0.19737311239445948
-0.20037311239354907
-0.20337311239263547
-0.20637311239172135
-0.20937311239080877
-0.21237311238989903
-0.21537311238899257
-0.218373112388089
-0.22137311238718765
-0.2243731123862875
-0.22737311238538754
-0.23037311238448707
-0.23337311238358563
-0.23637311238268302
-0.23937311238177933
-0.2423731123808749
-0.24537311237997
-0.248373112379065
-0.2513731123781602
-0.2543731123772557
-0.25737311237635163
-0.26037311237544797
-0.2633731123745445
-0.2663731123736413
-0.2693731123727381
-0.2723731123718348
-0.2753731123709314
-0.27837311237002793
-0.28137311236912427
-0.2843731123682205
-0.2873731123673168
-0.2903731123664129
-0.29337311236550906
-0.29637311236460523
-0.29937311236370145
-0.30237311236279774
-0.3053731123618941
-0.30837311236099046
-0.311373112360087
-0.3143731123591835
-0.31737311235828003
-0.32037311235737653
-0.323373112356473
-0.3263731123555694
-0.32937311235466565
-0.3323731123537618
-0.3353731123528578
-0.3383731123519538
-0.3413731123510497
-0.3443731123501457
-0.34737311234924184
-0.3503731123483382
-0.35337311234743485
-0.35637311234653185
-0.359373112345629
-0.3623731123447264
-0.3653731123438237
-0.36837311234292064
-0.3713731123420169
-0.3743731123411124
-0.37737311234020704
-0.3803731123393009
-0.3833731123383943
-0.38637311233748795
-0.38937311233658256
-0.3923731123356789
-0.3953731123347775
-0.3983731123338786
-0.4013731123329819
-0.4043731123320864
-0.40737311233119033
-0.4103731123302917
-0.41337311232938834
-0.4163731123284786
-0.4193731123275618
-0.4223731123266389
-0.4253731123257125
-0.42837311232478714
-0.4313731123238687
-0.43437311232296316
-0.43737311232207543
-0.44037311232120746
-0.44337311232035714
-0.446373112319517
-0.4493731123186746
-0.45237311231781396
-0.455373112316918
-0.4583731123159727
-0.4613731123149718
-0.46437311231392064
-0.4673731123128392
-0.4703731123117617
-0.4733731123107332
-0.4763731123098014
-0.47937311230900626
-0.48237311230836677
-0.4853731123078695
-0.48837311230746133
-0.4913731123070488
-0.4943731123065078
-0.4973731123057037
-0.5003731123045204
-0.5033731123028969
-0.5063731123008629
-0.5093731122985644
-0.5123731122962661
-0.5153731122943207
-0.5183731122931059
-0.5213731122929338
-0.5243731122939576
-0.5273731122960943
-0.530373112298982
-0.5333731123019825
-0.5363731123042169
-0.539373112304597
-0.542373112301934
-0.5453731122954172
-0.5483731122852337
-0.5513731122727822
-0.5543731122609452
-0.5573731122525444
-0.5603731122497175
-0.5633731122534015
-0.5663731122629748
-0.5693731122779294
-0.5723731122977093
-0.5753731123289435
-0.5783731123987509
-0.5813731124922302
-0.5843731125988291
-0.5873731127150318
-0.5903731128354947
-0.5933731129572629